40512 0 150002 0
40512 0 150003 0
40512 0 150004 1
40512 0 150005 0
40512 0 150006 0
40512 0 150015 0
40512 0 150016 0
40512 0 150019 0
40512 0 150022 0
40512 0 150032 0
40512 0 150040 0
40512 0 150043 0
40512 0 150045 0
40512 0 150046 0
40512 0 150047 0
40512 0 150050 0
40512 0 150053 0
40512 0 150055 0
40512 0 150058 0
40512 0 150068 0
40512 0 150071 0
40512 0 150074 0
40512 0 150078 0
40512 0 150080 0
40512 0 150083 0
40709 0 150286 0
40709 0 150946 0
40709 0 151596 0
40709 0 153206 0
40709 0 155064 0
40709 0 156055 0
40709 0 157015 0
40709 0 157520 0
40709 0 160961 0
40709 0 161661 0
40709 0 162169 0
40709 0 163153 0
40709 0 164872 0
40709 0 166273 0
40709 0 166710 0
40709 0 167405 0
40709 0 168126 0
40709 0 169730 0
40709 0 170985 0
40709 0 171447 0
40709 0 171930 0
40709 0 173364 0
40709 0 173850 0
40709 0 176626 0
40709 0 177051 0
40709 0 378826 1
40720 0 370897 0
40720 0 371340 0
40720 0 372106 0
40720 0 372152 0
40720 0 373817 0
40720 0 374429 0
40720 0 374542 0
40720 0 375984 0
40720 0 376425 0
40720 0 376595 0
40720 0 377476 0
40720 0 380746 0
40720 0 380784 0
40720 0 381566 1
40720 0 382962 0
40720 0 389255 0
40720 0 391492 0
40720 0 394957 0
40720 0 395460 0
40720 0 395467 0
40720 0 396815 0
40720 0 396925 0
40720 0 397541 0
40720 0 397579 0
40720 0 399581 0
40722 0 150026 0
40722 0 150048 0
40722 0 150049 1
40722 0 150059 0
40722 0 150061 0
40722 0 150067 0
40722 0 150072 0
40722 0 150106 0
40722 0 150127 0
40722 0 150147 0
40722 0 150150 0
40722 0 150163 0
40722 0 150247 0
40722 0 150266 0
40722 0 150279 0
40722 0 150280 0
40722 0 150282 0
40722 0 150385 0
40722 0 150388 0
40722 0 150404 0
40722 0 150423 0
40722 0 150489 0
40722 0 150506 0
40722 0 150518 0
40722 0 150562 0
40765 0 259156 1
40765 0 301891 0
40765 0 304468 0
40765 0 306711 0
40765 0 313536 0
40765 0 314323 0
40765 0 315296 0
40765 0 315903 0
40765 0 317293 0
40765 0 322843 0
40765 0 323145 0
40765 0 325517 0
40765 0 331329 0
40765 0 332741 0
40765 0 342290 0
40765 0 348649 0
40765 0 349492 0
40765 0 370073 0
40765 0 370093 0
40765 0 370099 0
40765 0 370278 0
40765 0 370489 0
40765 0 370543 0
40765 0 370566 0
40765 0 370600 0
40769 0 151596 0
40769 0 156055 0
40769 0 160961 0
40769 0 166710 0
40769 0 176626 0
40769 0 186741 0
40769 0 196608 0
40769 0 201484 0
40769 0 201840 0
40769 0 209087 0
40769 0 210867 0
40769 0 213143 0
40769 0 213912 0
40769 0 214571 0
40769 0 223123 0
40769 0 228229 0
40769 0 231041 0
40769 0 231099 0
40769 0 231733 0
40769 0 236983 0
40769 0 248449 0
40769 0 248881 0
40769 0 259156 0
40769 0 259443 0
40769 0 259637 0
40769 0 301891 1
40790 0 370897 0
40790 0 371340 0
40790 0 372106 0
40790 0 372152 0
40790 0 373817 0
40790 0 374429 0
40790 0 374542 0
40790 0 375984 0
40790 0 376425 0
40790 0 376595 0
40790 0 377476 0
40790 0 380746 0
40790 0 380784 0
40790 0 381566 0
40790 0 382962 1
40790 0 389255 0
40790 0 391492 0
40790 0 394957 0
40790 0 395460 0
40790 0 395467 0
40790 0 396815 0
40790 0 396925 0
40790 0 397541 0
40790 0 397579 0
40790 0 399581 0
40797 0 150371 0
40797 0 151692 0
40797 0 152780 0
40797 0 152891 0
40797 0 154323 0
40797 0 155785 0
40797 0 157044 0
40797 0 157615 0
40797 0 158582 0
40797 0 159020 0
40797 0 160490 0
40797 0 161325 0
40797 0 161818 0
40797 0 163146 0
40797 0 163204 0
40797 0 167819 0
40797 0 168042 0
40797 0 169542 0
40797 0 170985 0
40797 0 172029 0
40797 0 173128 0
40797 0 173926 0
40797 0 176704 0
40797 0 177164 0
40797 0 177793 0
40797 0 413345 1
40799 0 150023 0
40799 0 150038 0
40799 0 150057 0
40799 0 150060 0
40799 0 150075 0
40799 0 150092 0
40799 0 150134 0
40799 0 150157 0
40799 0 150166 0
40799 0 150168 0
40799 0 150171 0
40799 0 150189 0
40799 0 150197 0
40799 0 150203 0
40799 0 150205 0
40799 0 150243 0
40799 0 150246 0
40799 0 150275 0
40799 0 150298 0
40799 0 150306 0
40799 0 150308 0
40799 0 150356 0
40799 0 150371 0
40799 0 150372 0
40799 0 150398 0
40799 0 160162 1
40822 0 150033 0
40822 0 150044 0
40822 0 150048 0
40822 0 150051 0
40822 0 150061 0
40822 0 150075 0
40822 0 150080 0
40822 0 150094 0
40822 0 150098 0
40822 0 150103 0
40822 0 150134 0
40822 0 150150 0
40822 0 150157 0
40822 0 150165 0
40822 0 150167 0
40822 0 150180 0
40822 0 150202 0
40822 0 150219 0
40822 0 150257 0
40822 0 150266 0
40822 0 150279 0
40822 0 150281 0
40822 0 150287 0
40822 0 150294 0
40822 0 150300 0
40822 0 408262 1
40867 0 150004 0
40867 0 150016 0
40867 0 150017 0
40867 0 150023 0
40867 0 150035 0
40867 0 150041 0
40867 0 150051 0
40867 0 150061 0
40867 0 150067 0
40867 0 150075 0
40867 0 150093 0
40867 0 150106 0
40867 0 150121 0
40867 0 150125 0
40867 0 150134 0
40867 0 150137 0
40867 0 150138 0
40867 0 150157 0
40867 0 150163 0
40867 0 150168 0
40867 0 150180 0
40867 0 150186 0
40867 0 150223 0
40867 0 150228 0
40867 0 150240 0
40867 0 400760 1
40940 0 259156 0
40940 0 301891 0
40940 0 304468 0
40940 0 306711 0
40940 0 313536 0
40940 0 314323 0
40940 0 315296 0
40940 0 315903 0
40940 0 317293 0
40940 0 322843 0
40940 0 323145 0
40940 0 325517 0
40940 0 331329 0
40940 0 332741 0
40940 0 342290 0
40940 0 348649 0
40940 0 349492 0
40940 0 370073 0
40940 0 370093 0
40940 0 370099 0
40940 0 370278 0
40940 0 370489 0
40940 0 370543 0
40940 0 370566 0
40940 0 370600 0
40940 0 390656 1
40944 0 150007 0
40944 0 150022 0
40944 0 150028 0
40944 0 150035 0
40944 0 150041 0
40944 0 150060 0
40944 0 150072 0
40944 0 150079 0
40944 0 150082 0
40944 0 150083 0
40944 0 150085 0
40944 0 150091 0
40944 0 150094 0
40944 0 150099 0
40944 0 150113 0
40944 0 150125 0
40944 0 150127 0
40944 0 150134 0
40944 0 150138 0
40944 0 150157 0
40944 0 150161 0
40944 0 150164 0
40944 0 150167 0
40944 0 150179 0
40944 0 150193 0
40944 0 405020 1
40954 0 150002 0
40954 0 150004 0
40954 0 150006 0
40954 0 150012 0
40954 0 150020 0
40954 0 150021 0
40954 0 150062 0
40954 0 150078 0
40954 0 150080 0
40954 0 150090 0
40954 0 150109 0
40954 0 150110 0
40954 0 150114 0
40954 0 150115 0
40954 0 150119 0
40954 0 150132 0
40954 0 150139 0
40954 0 150140 0
40954 0 150151 0
40954 0 150160 0
40954 0 150171 0
40954 0 150172 0
40954 0 150181 0
40954 0 150183 0
40954 0 150207 0
40954 0 419327 1
40975 0 370897 0
40975 0 374542 0
40975 0 375984 0
40975 0 376595 0
40975 0 380746 0
40975 0 380784 0
40975 0 382962 0
40975 0 389255 0
40975 0 394957 0
40975 0 395460 0
40975 0 395467 0
40975 0 396815 0
40975 0 397541 0
40975 0 399584 0
40975 0 399886 0
40975 0 401445 0
40975 0 403751 1
40975 0 405681 0
40975 0 406546 0
40975 0 408767 0
40975 0 415982 0
40975 0 420583 0
40975 0 432606 0
40975 0 438858 0
40975 0 445000 0
41010 0 259156 0
41010 0 301891 0
41010 0 304468 0
41010 0 306711 0
41010 0 313536 0
41010 0 314323 0
41010 0 315296 0
41010 0 315903 0
41010 0 317293 0
41010 0 322843 0
41010 0 323145 0
41010 0 325517 0
41010 0 331329 1
41010 0 332741 0
41010 0 342290 0
41010 0 348649 0
41010 0 349492 0
41010 0 370073 0
41010 0 370093 0
41010 0 370099 0
41010 0 370278 0
41010 0 370489 0
41010 0 370543 0
41010 0 370566 0
41010 0 370600 0
41012 0 259156 0
41012 0 301891 0
41012 0 304468 0
41012 0 306711 0
41012 0 313536 0
41012 0 314323 0
41012 0 315296 0
41012 0 315903 0
41012 0 317293 0
41012 0 322843 0
41012 0 323145 0
41012 0 325517 0
41012 0 331329 0
41012 0 332741 0
41012 0 342290 0
41012 0 348649 0
41012 0 349492 0
41012 0 370073 0
41012 0 370093 0
41012 0 370099 0
41012 0 370278 0
41012 0 370489 0
41012 0 370543 0
41012 0 370566 0
41012 0 370600 0
41012 0 400973 1
41015 0 150023 0
41015 0 150038 0
41015 0 150057 0
41015 0 150060 0
41015 0 150075 0
41015 0 150092 0
41015 0 150134 0
41015 0 150157 0
41015 0 150166 1
41015 0 150168 0
41015 0 150171 0
41015 0 150189 0
41015 0 150197 0
41015 0 150203 0
41015 0 150205 0
41015 0 150243 0
41015 0 150246 0
41015 0 150275 0
41015 0 150298 0
41015 0 150306 0
41015 0 150308 0
41015 0 150356 0
41015 0 150371 0
41015 0 150372 0
41015 0 150398 0
41019 0 150004 0
41019 0 150016 0
41019 0 150017 0
41019 0 150023 0
41019 0 150035 0
41019 0 150041 0
41019 0 150051 0
41019 0 150061 0
41019 0 150067 0
41019 0 150075 0
41019 0 150093 0
41019 0 150106 1
41019 0 150121 0
41019 0 150125 0
41019 0 150134 0
41019 0 150137 0
41019 0 150138 0
41019 0 150157 0
41019 0 150163 0
41019 0 150168 0
41019 0 150180 0
41019 0 150186 0
41019 0 150223 0
41019 0 150228 0
41019 0 150240 0
41069 0 150026 0
41069 0 150031 0
41069 0 150049 0
41069 0 150059 0
41069 0 150061 0
41069 0 150095 0
41069 0 150147 0
41069 0 150189 0
41069 0 150198 0
41069 0 150210 0
41069 0 150215 0
41069 0 150222 0
41069 0 150237 0
41069 0 150258 0
41069 0 150280 0
41069 0 150282 0
41069 0 150308 0
41069 0 150388 0
41069 0 150404 0
41069 0 150427 0
41069 0 150527 0
41069 0 150543 0
41069 0 150584 0
41069 0 150600 0
41069 0 150620 0
41069 0 386677 1
41869 0 150002 0
41869 0 150004 0
41869 0 150005 0
41869 0 150006 0
41869 0 150010 0
41869 0 150011 0
41869 0 150015 0
41869 0 150016 0
41869 0 150019 0
41869 0 150021 0
41869 0 150029 0
41869 0 150032 0
41869 0 150041 0
41869 0 150046 0
41869 0 150047 0
41869 0 150058 0
41869 0 150071 0
41869 0 150074 0
41869 0 150078 0
41869 0 150083 0
41869 0 150089 0
41869 0 150099 0
41869 0 150101 0
41869 0 150109 0
41869 0 150110 0
41869 0 401445 1
41965 0 259156 0
41965 0 301891 0
41965 0 304468 0
41965 0 306711 0
41965 0 313536 0
41965 0 314323 0
41965 0 315296 0
41965 0 315903 0
41965 0 317293 0
41965 0 322843 0
41965 0 323145 0
41965 0 325517 0
41965 0 331329 0
41965 0 332741 0
41965 0 342290 0
41965 0 348649 0
41965 0 349492 0
41965 0 370073 0
41965 0 370093 0
41965 0 370099 0
41965 0 370278 0
41965 0 370489 0
41965 0 370543 0
41965 0 370566 0
41965 0 370600 0
41965 0 409993 1
41990 0 150076 0
41990 0 150099 0
41990 0 150134 0
41990 0 150150 0
41990 0 150163 0
41990 0 150175 0
41990 0 150256 0
41990 0 150269 0
41990 0 150308 0
41990 0 150319 0
41990 0 150327 0
41990 0 150366 0
41990 0 150388 0
41990 0 150404 0
41990 0 150467 0
41990 0 150489 0
41990 0 150503 0
41990 0 150506 0
41990 0 150518 0
41990 0 150597 0
41990 0 150600 0
41990 0 150620 0
41990 0 150630 0
41990 0 150635 0
41990 0 150660 0
41990 0 411923 1
42107 0 150033 0
42107 0 150044 0
42107 0 150048 0
42107 0 150051 0
42107 0 150061 0
42107 0 150075 0
42107 0 150080 0
42107 0 150094 0
42107 0 150098 0
42107 0 150103 0
42107 0 150134 0
42107 0 150150 0
42107 0 150157 0
42107 0 150165 0
42107 0 150167 0
42107 0 150180 0
42107 0 150202 0
42107 0 150219 0
42107 0 150257 0
42107 0 150266 0
42107 0 150279 0
42107 0 150281 0
42107 0 150287 0
42107 0 150294 0
42107 0 150300 0
42107 0 381659 1
42109 0 150012 0
42109 0 150032 0
42109 0 150036 0
42109 0 150037 0
42109 0 150053 0
42109 0 150076 0
42109 0 150077 0
42109 0 150078 0
42109 0 150083 0
42109 0 150089 0
42109 0 150090 0
42109 0 150095 0
42109 0 150099 0
42109 0 150118 0
42109 0 150119 0
42109 0 150129 0
42109 0 150132 0
42109 0 150136 0
42109 0 150142 0
42109 0 150148 0
42109 0 150155 0
42109 0 150162 0
42109 0 150173 0
42109 0 150195 0
42109 0 150205 0
42109 0 445502 1
42114 0 370897 0
42114 0 371340 1
42114 0 372106 0
42114 0 372152 0
42114 0 373817 0
42114 0 374429 0
42114 0 374542 0
42114 0 375984 0
42114 0 376425 0
42114 0 376595 0
42114 0 377476 0
42114 0 380746 0
42114 0 380784 0
42114 0 381566 0
42114 0 382962 0
42114 0 389255 0
42114 0 391492 0
42114 0 394957 0
42114 0 395460 0
42114 0 395467 0
42114 0 396815 0
42114 0 396925 0
42114 0 397541 0
42114 0 397579 0
42114 0 399581 0
42135 0 259156 0
42135 0 301891 0
42135 0 304468 0
42135 0 306711 0
42135 0 313536 0
42135 0 314323 0
42135 0 315296 0
42135 0 315903 0
42135 0 317293 0
42135 0 322843 0
42135 0 323145 0
42135 0 325517 0
42135 0 331329 0
42135 0 332741 0
42135 0 342290 0
42135 0 348649 0
42135 0 349492 0
42135 0 370073 0
42135 0 370093 1
42135 0 370099 0
42135 0 370278 0
42135 0 370489 0
42135 0 370543 0
42135 0 370566 0
42135 0 370600 0
42332 0 370897 0
42332 0 371340 0
42332 0 372106 0
42332 0 372152 0
42332 0 373817 0
42332 0 374429 1
42332 0 374542 0
42332 0 375984 0
42332 0 376425 0
42332 0 376595 0
42332 0 377476 0
42332 0 380746 0
42332 0 380784 0
42332 0 381566 0
42332 0 382962 0
42332 0 389255 0
42332 0 391492 0
42332 0 394957 0
42332 0 395460 0
42332 0 395467 0
42332 0 396815 0
42332 0 396925 0
42332 0 397541 0
42332 0 397579 0
42332 0 399581 0
42334 0 370897 0
42334 0 371340 0
42334 0 372106 0
42334 0 372152 0
42334 0 373817 0
42334 0 374429 1
42334 0 374542 0
42334 0 375984 0
42334 0 376425 0
42334 0 376595 0
42334 0 377476 0
42334 0 380746 0
42334 0 380784 0
42334 0 381566 0
42334 0 382962 0
42334 0 389255 0
42334 0 391492 0
42334 0 394957 0
42334 0 395460 0
42334 0 395467 0
42334 0 396815 0
42334 0 396925 0
42334 0 397541 0
42334 0 397579 0
42334 0 399581 0
42340 0 150001 0
42340 0 150007 0
42340 0 150016 0
42340 0 150023 0
42340 0 150025 0
42340 0 150033 0
42340 0 150035 0
42340 0 150059 0
42340 0 150060 0
42340 0 150076 0
42340 0 150084 0
42340 0 150085 0
42340 0 150093 0
42340 0 150096 0
42340 0 150104 0
42340 0 150113 0
42340 0 150114 0
42340 0 150120 0
42340 0 150132 0
42340 0 150133 0
42340 0 150134 0
42340 0 150140 0
42340 0 150141 0
42340 0 150144 0
42340 0 150145 0
42340 0 427600 1
42342 0 150003 0
42342 0 150005 0
42342 0 150015 0
42342 0 150017 0
42342 0 150018 0
42342 0 150019 0
42342 0 150023 0
42342 0 150024 0
42342 0 150033 0
42342 0 150034 0
42342 0 150037 0
42342 0 150038 0
42342 0 150039 0
42342 0 150043 0
42342 0 150044 0
42342 0 150048 0
42342 0 150050 0
42342 0 150054 0
42342 0 150055 0
42342 0 150057 0
42342 0 150067 0
42342 0 150069 0
42342 0 150070 0
42342 0 150073 0
42342 0 150076 0
42342 0 376425 1
42595 0 150286 0
42595 0 150946 0
42595 0 151596 0
42595 0 153206 0
42595 0 155064 0
42595 0 156055 0
42595 0 157015 0
42595 0 157520 0
42595 0 160961 0
42595 0 161661 0
42595 0 162169 0
42595 0 163153 0
42595 0 164872 0
42595 0 166273 0
42595 0 166710 1
42595 0 167405 0
42595 0 168126 0
42595 0 169730 0
42595 0 170985 0
42595 0 171447 0
42595 0 171930 0
42595 0 173364 0
42595 0 173850 0
42595 0 176626 0
42595 0 177051 0
42700 0 150023 0
42700 0 150026 0
42700 0 150038 0
42700 0 150048 0
42700 0 150049 0
42700 0 150050 0
42700 0 150061 0
42700 0 150063 0
42700 0 150067 0
42700 0 150072 0
42700 0 150075 0
42700 0 150085 0
42700 0 150092 0
42700 0 150099 0
42700 0 150103 0
42700 0 150106 0
42700 0 150121 0
42700 0 150122 0
42700 0 150125 0
42700 0 150127 0
42700 0 150133 0
42700 0 150134 0
42700 0 150147 0
42700 0 150150 0
42700 0 150157 0
42700 0 386178 1
42704 0 150022 0
42704 0 150023 0
42704 0 150026 0
42704 0 150049 0
42704 0 150051 0
42704 0 150061 0
42704 0 150067 0
42704 0 150070 0
42704 0 150076 0
42704 0 150098 0
42704 0 150106 0
42704 0 150125 0
42704 0 150127 0
42704 0 150138 0
42704 0 150166 0
42704 0 150175 0
42704 0 150180 0
42704 0 150197 0
42704 0 150203 0
42704 0 150223 0
42704 0 150243 0
42704 0 150246 0
42704 0 150251 0
42704 0 150256 0
42704 0 150280 0
42704 0 326222 1
43035 0 151596 0
43035 0 156055 0
43035 0 160961 0
43035 0 166710 0
43035 0 176626 0
43035 0 186741 0
43035 0 196608 0
43035 0 201484 0
43035 0 201840 0
43035 0 209087 0
43035 0 210867 0
43035 0 213143 0
43035 0 213912 0
43035 0 214571 0
43035 0 223123 0
43035 0 228229 0
43035 0 231041 0
43035 0 231099 0
43035 0 231733 0
43035 0 236983 0
43035 0 248449 0
43035 0 248881 0
43035 0 259156 0
43035 0 259443 0
43035 0 259637 0
43035 0 415138 1
43039 0 151596 0
43039 0 156055 0
43039 0 160961 0
43039 0 166710 0
43039 0 176626 0
43039 0 186741 0
43039 0 196608 0
43039 0 201484 0
43039 0 201840 0
43039 0 209087 0
43039 0 210867 0
43039 0 213143 0
43039 0 213912 0
43039 0 214571 0
43039 0 223123 0
43039 0 228229 0
43039 0 231041 0
43039 0 231099 0
43039 0 231733 0
43039 0 236983 0
43039 0 248449 0
43039 0 248881 0
43039 0 259156 0
43039 0 259443 0
43039 0 259637 0
43039 0 415505 1
43079 0 259156 0
43079 0 301891 0
43079 0 304468 0
43079 0 306711 0
43079 0 313536 0
43079 0 314323 0
43079 0 315296 0
43079 0 315903 0
43079 0 317293 0
43079 0 322843 0
43079 0 323145 0
43079 0 325517 0
43079 0 331329 0
43079 0 332741 0
43079 0 342290 0
43079 0 348649 0
43079 0 349492 0
43079 0 370073 0
43079 0 370093 0
43079 0 370099 0
43079 0 370278 0
43079 0 370489 0
43079 0 370543 0
43079 0 370566 0
43079 0 370600 0
43079 0 373759 1
43317 0 150026 0
43317 0 150048 0
43317 0 150049 0
43317 0 150059 0
43317 0 150061 0
43317 0 150067 0
43317 0 150072 0
43317 0 150106 0
43317 0 150127 0
43317 0 150147 0
43317 0 150150 0
43317 0 150163 0
43317 0 150247 0
43317 0 150266 0
43317 0 150279 0
43317 0 150280 0
43317 0 150282 0
43317 0 150385 0
43317 0 150388 0
43317 0 150404 0
43317 0 150423 0
43317 0 150489 0
43317 0 150506 0
43317 0 150518 0
43317 0 150562 0
43317 0 379677 1
43335 0 150026 0
43335 0 150048 0
43335 0 150049 0
43335 0 150059 0
43335 0 150061 0
43335 0 150067 0
43335 0 150072 0
43335 0 150106 0
43335 0 150127 0
43335 0 150147 0
43335 0 150150 0
43335 0 150163 0
43335 0 150247 0
43335 0 150266 0
43335 0 150279 0
43335 0 150280 0
43335 0 150282 0
43335 0 150385 0
43335 0 150388 0
43335 0 150404 0
43335 0 150423 0
43335 0 150489 0
43335 0 150506 0
43335 0 150518 0
43335 0 150562 0
43335 0 389255 1
43727 0 150026 0
43727 0 150048 0
43727 0 150049 0
43727 0 150059 0
43727 0 150061 0
43727 0 150067 0
43727 0 150072 0
43727 0 150106 0
43727 0 150127 0
43727 0 150147 0
43727 0 150150 0
43727 0 150163 0
43727 0 150247 0
43727 0 150266 0
43727 0 150279 0
43727 0 150280 0
43727 0 150282 0
43727 0 150385 0
43727 0 150388 0
43727 0 150404 0
43727 0 150423 0
43727 0 150489 0
43727 0 150506 0
43727 0 150518 0
43727 0 150562 0
43727 0 395036 1
43745 0 370897 1
43745 0 371340 0
43745 0 372106 0
43745 0 372152 0
43745 0 373817 0
43745 0 374429 0
43745 0 374542 0
43745 0 375984 0
43745 0 376425 0
43745 0 376595 0
43745 0 377476 0
43745 0 380746 0
43745 0 380784 0
43745 0 381566 0
43745 0 382962 0
43745 0 389255 0
43745 0 391492 0
43745 0 394957 0
43745 0 395460 0
43745 0 395467 0
43745 0 396815 0
43745 0 396925 0
43745 0 397541 0
43745 0 397579 0
43745 0 399581 0
43747 0 259156 0
43747 0 301891 0
43747 0 304468 0
43747 0 306711 0
43747 0 313536 0
43747 0 314323 0
43747 0 315296 0
43747 0 315903 0
43747 0 317293 0
43747 0 322843 0
43747 0 323145 0
43747 0 325517 0
43747 0 331329 0
43747 0 332741 0
43747 0 342290 0
43747 0 348649 0
43747 0 349492 0
43747 0 370073 0
43747 0 370093 0
43747 0 370099 0
43747 0 370278 0
43747 0 370489 0
43747 0 370543 0
43747 0 370566 0
43747 0 370600 0
43747 0 374429 1
43802 0 370897 0
43802 0 371340 0
43802 0 372106 0
43802 0 372152 0
43802 0 373817 0
43802 0 374429 1
43802 0 374542 0
43802 0 375984 0
43802 0 376425 0
43802 0 376595 0
43802 0 377476 0
43802 0 380746 0
43802 0 380784 0
43802 0 381566 0
43802 0 382962 0
43802 0 389255 0
43802 0 391492 0
43802 0 394957 0
43802 0 395460 0
43802 0 395467 0
43802 0 396815 0
43802 0 396925 0
43802 0 397541 0
43802 0 397579 0
43802 0 399581 0
43804 0 259156 0
43804 0 301891 0
43804 0 304468 0
43804 0 306711 0
43804 0 313536 0
43804 0 314323 0
43804 0 315296 0
43804 0 315903 0
43804 0 317293 0
43804 0 322843 0
43804 0 323145 0
43804 0 325517 0
43804 0 331329 0
43804 0 332741 0
43804 0 342290 0
43804 0 348649 0
43804 0 349492 0
43804 0 370073 0
43804 0 370093 0
43804 0 370099 0
43804 0 370278 0
43804 0 370489 0
43804 0 370543 0
43804 0 370566 0
43804 0 370600 1
44000 0 259156 0
44000 0 301891 0
44000 0 304468 0
44000 0 306711 0
44000 0 313536 0
44000 0 314323 0
44000 0 315296 0
44000 0 315903 0
44000 0 317293 0
44000 0 322843 0
44000 0 323145 0
44000 0 325517 0
44000 0 331329 0
44000 0 332741 0
44000 0 342290 0
44000 0 348649 0
44000 0 349492 0
44000 0 370073 0
44000 0 370093 1
44000 0 370099 0
44000 0 370278 0
44000 0 370489 0
44000 0 370543 0
44000 0 370566 0
44000 0 370600 0
44005 0 150023 0
44005 0 150038 0
44005 0 150057 0
44005 0 150060 0
44005 0 150075 0
44005 0 150092 0
44005 0 150134 0
44005 0 150157 0
44005 0 150166 0
44005 0 150168 0
44005 0 150171 0
44005 0 150189 0
44005 0 150197 0
44005 0 150203 0
44005 0 150205 0
44005 0 150243 0
44005 0 150246 0
44005 0 150275 0
44005 0 150298 0
44005 0 150306 0
44005 0 150308 0
44005 0 150356 0
44005 0 150371 0
44005 0 150372 0
44005 0 150398 0
44005 0 259156 1
44009 0 370897 0
44009 0 371340 0
44009 0 372106 0
44009 0 372152 0
44009 0 373817 0
44009 0 374429 0
44009 0 374542 0
44009 0 375984 0
44009 0 376425 0
44009 0 376595 0
44009 0 377476 0
44009 0 380746 0
44009 0 380784 0
44009 0 381566 0
44009 0 382962 0
44009 0 389255 0
44009 0 391492 0
44009 0 394957 0
44009 0 395460 0
44009 0 395467 0
44009 0 396815 0
44009 0 396925 0
44009 0 397541 0
44009 0 397579 0
44009 0 399581 0
44009 0 405681 1
44015 0 370897 0
44015 0 371340 0
44015 0 372106 1
44015 0 372152 0
44015 0 373817 0
44015 0 374429 0
44015 0 374542 0
44015 0 375984 0
44015 0 376425 0
44015 0 376595 0
44015 0 377476 0
44015 0 380746 0
44015 0 380784 0
44015 0 381566 0
44015 0 382962 0
44015 0 389255 0
44015 0 391492 0
44015 0 394957 0
44015 0 395460 0
44015 0 395467 0
44015 0 396815 0
44015 0 396925 0
44015 0 397541 0
44015 0 397579 0
44015 0 399581 0
44017 0 370897 0
44017 0 371340 0
44017 0 372106 0
44017 0 372152 0
44017 0 373817 0
44017 0 374429 0
44017 0 374542 0
44017 0 375984 0
44017 0 376425 0
44017 0 376595 0
44017 0 377476 0
44017 0 380746 0
44017 0 380784 0
44017 0 381566 0
44017 0 382962 0
44017 0 389255 0
44017 0 391492 0
44017 0 394957 0
44017 0 395460 0
44017 0 395467 1
44017 0 396815 0
44017 0 396925 0
44017 0 397541 0
44017 0 397579 0
44017 0 399581 0
44035 0 150026 0
44035 0 150048 0
44035 0 150049 0
44035 0 150059 0
44035 0 150061 0
44035 0 150067 0
44035 0 150072 0
44035 0 150106 0
44035 0 150127 0
44035 0 150147 0
44035 0 150150 0
44035 0 150163 0
44035 0 150247 0
44035 0 150266 0
44035 0 150279 1
44035 0 150280 0
44035 0 150282 0
44035 0 150385 0
44035 0 150388 0
44035 0 150404 0
44035 0 150423 0
44035 0 150489 0
44035 0 150506 0
44035 0 150518 0
44035 0 150562 0
44040 0 259156 0
44040 0 301891 0
44040 0 304468 0
44040 0 306711 0
44040 0 313536 0
44040 0 314323 0
44040 0 315296 0
44040 0 315903 0
44040 0 317293 0
44040 0 322843 0
44040 0 323145 0
44040 0 325517 0
44040 0 331329 0
44040 0 332741 0
44040 0 342290 0
44040 0 348649 0
44040 0 349492 0
44040 0 370073 0
44040 0 370093 0
44040 0 370099 0
44040 0 370278 0
44040 0 370489 0
44040 0 370543 0
44040 0 370566 0
44040 0 370600 0
44040 0 377258 1
44045 0 151596 0
44045 0 156055 0
44045 0 160961 0
44045 0 166710 0
44045 0 176626 0
44045 0 186741 0
44045 0 196608 0
44045 0 201484 0
44045 0 201840 0
44045 0 209087 0
44045 0 210867 0
44045 0 213143 0
44045 0 213912 0
44045 0 214571 0
44045 0 223123 0
44045 0 228229 0
44045 0 231041 0
44045 0 231099 0
44045 0 231733 0
44045 0 236983 0
44045 0 248449 0
44045 0 248881 0
44045 0 259156 0
44045 0 259443 0
44045 0 259637 0
44045 0 382721 1
44055 0 150026 0
44055 0 150048 0
44055 0 150049 0
44055 0 150059 0
44055 0 150061 0
44055 0 150067 0
44055 0 150072 0
44055 0 150106 0
44055 0 150127 0
44055 0 150147 0
44055 0 150150 0
44055 0 150163 0
44055 0 150247 0
44055 0 150266 0
44055 0 150279 0
44055 0 150280 0
44055 0 150282 0
44055 0 150385 0
44055 0 150388 0
44055 0 150404 0
44055 0 150423 0
44055 0 150489 0
44055 0 150506 0
44055 0 150518 1
44055 0 150562 0
44057 0 150001 0
44057 0 150007 0
44057 0 150016 0
44057 0 150023 0
44057 0 150025 0
44057 0 150033 0
44057 0 150035 0
44057 0 150059 0
44057 0 150060 0
44057 0 150076 0
44057 0 150084 0
44057 0 150085 1
44057 0 150093 0
44057 0 150096 0
44057 0 150104 0
44057 0 150113 0
44057 0 150114 0
44057 0 150120 0
44057 0 150132 0
44057 0 150133 0
44057 0 150134 0
44057 0 150140 0
44057 0 150141 0
44057 0 150144 0
44057 0 150145 0
44059 0 151596 0
44059 0 156055 0
44059 0 160961 0
44059 0 166710 1
44059 0 176626 0
44059 0 186741 0
44059 0 196608 0
44059 0 201484 0
44059 0 201840 0
44059 0 209087 0
44059 0 210867 0
44059 0 213143 0
44059 0 213912 0
44059 0 214571 0
44059 0 223123 0
44059 0 228229 0
44059 0 231041 0
44059 0 231099 0
44059 0 231733 0
44059 0 236983 0
44059 0 248449 0
44059 0 248881 0
44059 0 259156 0
44059 0 259443 0
44059 0 259637 0
44080 0 370897 0
44080 0 371340 0
44080 0 372106 0
44080 0 372152 0
44080 0 373817 0
44080 0 374429 0
44080 0 374542 0
44080 0 375984 0
44080 0 376425 0
44080 0 376595 0
44080 0 377476 0
44080 0 380746 0
44080 0 380784 0
44080 0 381566 0
44080 0 382962 0
44080 0 389255 0
44080 0 391492 0
44080 0 394957 0
44080 0 395460 0
44080 0 395467 0
44080 0 396815 0
44080 0 396925 0
44080 0 397541 0
44080 0 397579 0
44080 0 399581 0
44080 0 418740 1
44082 0 370897 0
44082 0 371340 0
44082 0 372106 0
44082 0 372152 0
44082 0 373817 0
44082 0 374429 0
44082 0 374542 0
44082 0 375984 0
44082 0 376425 1
44082 0 376595 0
44082 0 377476 0
44082 0 380746 0
44082 0 380784 0
44082 0 381566 0
44082 0 382962 0
44082 0 389255 0
44082 0 391492 0
44082 0 394957 0
44082 0 395460 0
44082 0 395467 0
44082 0 396815 0
44082 0 396925 0
44082 0 397541 0
44082 0 397579 0
44082 0 399581 0
44520 0 150004 0
44520 0 150016 0
44520 0 150017 0
44520 0 150023 0
44520 0 150035 0
44520 0 150041 0
44520 0 150051 0
44520 0 150061 0
44520 0 150067 0
44520 0 150075 0
44520 0 150093 0
44520 0 150106 0
44520 0 150121 0
44520 0 150125 0
44520 0 150134 0
44520 0 150137 0
44520 0 150138 0
44520 0 150157 0
44520 0 150163 0
44520 0 150168 0
44520 0 150180 0
44520 0 150186 0
44520 0 150223 0
44520 0 150228 0
44520 0 150240 0
44520 0 151062 1
44530 0 370897 0
44530 0 371340 0
44530 0 372106 0
44530 0 372152 0
44530 0 373817 0
44530 0 374429 0
44530 0 374542 0
44530 0 375984 0
44530 0 376425 0
44530 0 376595 0
44530 0 377476 0
44530 0 380746 0
44530 0 380784 0
44530 0 381566 0
44530 0 382962 0
44530 0 389255 0
44530 0 391492 0
44530 0 394957 0
44530 0 395460 0
44530 0 395467 0
44530 0 396815 0
44530 0 396925 0
44530 0 397541 1
44530 0 397579 0
44530 0 399581 0
44637 0 150005 0
44637 0 150007 0
44637 0 150012 0
44637 0 150047 0
44637 0 150048 0
44637 0 150053 0
44637 0 150057 0
44637 0 150058 0
44637 0 150074 0
44637 0 150080 0
44637 0 150083 0
44637 0 150109 0
44637 0 150115 0
44637 0 150126 0
44637 0 150130 0
44637 0 150135 0
44637 0 150143 0
44637 0 150151 0
44637 0 150173 0
44637 0 150174 0
44637 0 150182 0
44637 0 150193 0
44637 0 150198 0
44637 0 150214 0
44637 0 150223 0
44637 0 398909 1
44639 0 370897 0
44639 0 371340 0
44639 0 372106 0
44639 0 372152 1
44639 0 373817 0
44639 0 374429 0
44639 0 374542 0
44639 0 375984 0
44639 0 376425 0
44639 0 376595 0
44639 0 377476 0
44639 0 380746 0
44639 0 380784 0
44639 0 381566 0
44639 0 382962 0
44639 0 389255 0
44639 0 391492 0
44639 0 394957 0
44639 0 395460 0
44639 0 395467 0
44639 0 396815 0
44639 0 396925 0
44639 0 397541 0
44639 0 397579 0
44639 0 399581 0
44647 0 150076 0
44647 0 150099 0
44647 0 150134 0
44647 0 150150 0
44647 0 150163 0
44647 0 150175 0
44647 0 150256 1
44647 0 150269 0
44647 0 150308 0
44647 0 150319 0
44647 0 150327 0
44647 0 150366 0
44647 0 150388 0
44647 0 150404 0
44647 0 150467 0
44647 0 150489 0
44647 0 150503 0
44647 0 150506 0
44647 0 150518 0
44647 0 150597 0
44647 0 150600 0
44647 0 150620 0
44647 0 150630 0
44647 0 150635 0
44647 0 150660 0
44655 0 259156 0
44655 0 301891 0
44655 0 304468 0
44655 0 306711 0
44655 0 313536 0
44655 0 314323 0
44655 0 315296 0
44655 0 315903 0
44655 0 317293 0
44655 0 322843 0
44655 0 323145 0
44655 0 325517 0
44655 0 331329 0
44655 0 332741 0
44655 0 342290 0
44655 0 348649 0
44655 0 349492 0
44655 0 370073 0
44655 0 370093 0
44655 0 370099 1
44655 0 370278 0
44655 0 370489 0
44655 0 370543 0
44655 0 370566 0
44655 0 370600 0
44745 0 150286 0
44745 0 150946 0
44745 0 151596 0
44745 0 153206 0
44745 0 155064 0
44745 0 156055 0
44745 0 157015 0
44745 0 157520 0
44745 0 160961 0
44745 0 161661 0
44745 0 162169 0
44745 0 163153 0
44745 0 164872 0
44745 0 166273 0
44745 0 166710 0
44745 0 167405 0
44745 0 168126 0
44745 0 169730 0
44745 0 170985 0
44745 0 171447 0
44745 0 171930 0
44745 0 173364 0
44745 0 173850 0
44745 0 176626 0
44745 0 177051 0
44745 0 385832 1
40724 0 150001 0
40724 0 150004 0
40724 0 150006 1
40724 0 150015 0
40724 0 150021 0
40724 0 150027 0
40724 0 150029 0
40724 0 150032 0
40724 0 150037 0
40724 0 150041 0
40724 0 150042 0
40724 0 150047 0
40724 0 150053 0
40724 0 150055 0
40724 0 150062 0
40724 0 150071 0
40724 0 150083 0
40724 0 150084 0
40724 0 150086 0
40724 0 150087 0
40724 0 150091 0
40724 0 150093 0
40724 0 150098 0
40724 0 150109 0
40724 0 150110 0
40767 0 324486 1
40775 0 150371 0
40775 0 150639 0
40775 0 152250 0
40775 0 154576 0
40775 0 155102 0
40775 0 156206 0
40775 0 156711 1
40775 0 157290 0
40775 0 157853 0
40775 0 159020 0
40775 0 160924 0
40775 0 162286 0
40775 0 165922 0
40775 0 166273 0
40775 0 167180 0
40775 0 167218 0
40775 0 167339 0
40775 0 167412 0
40775 0 168066 0
40775 0 170149 0
40775 0 172129 0
40775 0 176468 0
40775 0 177222 0
40775 0 177265 0
40775 0 177434 0
40795 0 150023 0
40795 0 150035 0
40795 0 150038 0
40795 0 150039 0
40795 0 150044 0
40795 0 150051 0
40795 0 150060 0
40795 0 150075 0
40795 0 150085 0
40795 0 150107 0
40795 0 150121 0
40795 0 150125 0
40795 0 150133 0
40795 0 150166 0
40795 0 150168 0
40795 0 150169 0
40795 0 150171 0
40795 0 150180 0
40795 0 150189 0
40795 0 150213 0
40795 0 150223 0
40795 0 150228 0
40795 0 150246 0
40795 0 150251 0
40795 0 150257 0
40795 0 152055 1
40819 0 150044 0
40819 0 150061 0
40819 0 150094 0
40819 0 150150 0
40819 0 150167 0
40819 0 150257 0
40819 0 150300 0
40819 0 150719 0
40819 0 150992 0
40819 0 151047 0
40819 0 151277 0
40819 0 151305 0
40819 0 151539 0
40819 0 151562 1
40819 0 151567 0
40819 0 151704 0
40819 0 151746 0
40819 0 151839 0
40819 0 151929 0
40819 0 151988 0
40819 0 151989 0
40819 0 152022 0
40819 0 152106 0
40819 0 152134 0
40819 0 152144 0
40869 0 326622 1
40950 0 260274 0
40950 0 288897 0
40950 0 293873 0
40950 0 295800 0
40950 0 321582 0
40950 0 327894 0
40950 0 338781 0
40950 0 339006 0
40950 0 370079 0
40950 0 370099 0
40950 0 370146 0
40950 0 370223 0
40950 0 370531 0
40950 0 370769 0
40950 0 370893 0
40950 0 371312 0
40950 0 371337 0
40950 0 371445 0
40950 0 371565 0
40950 0 371977 0
40950 0 372011 0
40950 0 372053 0
40950 0 372152 0
40950 0 372164 0
40950 0 372430 0
40950 0 416256 1
41057 0 396815 1
41865 0 150681 1
42290 0 217248 0
42290 0 254409 0
42290 0 287521 0
42290 0 303120 0
42290 0 310363 0
42290 0 313773 0
42290 0 317600 1
42290 0 321798 0
42290 0 330530 0
42290 0 334209 0
42290 0 372676 0
42290 0 373538 0
42290 0 373986 0
42290 0 374803 0
42290 0 377373 0
42290 0 378742 0
42290 0 378777 0
42290 0 378900 0
42290 0 381763 0
42290 0 381964 0
42290 0 382518 0
42290 0 382648 0
42290 0 383776 0
42290 0 384652 0
42290 0 386493 0
42292 0 217248 0
42292 0 254409 0
42292 0 287521 0
42292 0 303120 0
42292 0 310363 0
42292 0 313773 0
42292 0 317600 1
42292 0 321798 0
42292 0 330530 0
42292 0 334209 0
42292 0 372676 0
42292 0 373538 0
42292 0 373986 0
42292 0 374803 0
42292 0 377373 0
42292 0 378742 0
42292 0 378777 0
42292 0 378900 0
42292 0 381763 0
42292 0 381964 0
42292 0 382518 0
42292 0 382648 0
42292 0 383776 0
42292 0 384652 0
42292 0 386493 0
42597 0 372062 1
42599 0 151281 0
42599 0 172364 0
42599 0 178244 0
42599 0 185567 0
42599 0 189559 0
42599 0 199485 0
42599 0 202997 0
42599 0 203869 0
42599 0 219823 1
42599 0 223278 0
42599 0 302161 0
42599 0 305901 0
42599 0 315853 0
42599 0 336456 0
42599 0 344808 0
42599 0 370005 0
42599 0 370068 0
42599 0 370074 0
42599 0 370087 0
42599 0 370092 0
42599 0 370093 0
42599 0 370095 0
42599 0 370110 0
42599 0 370114 0
42599 0 370138 0
42785 0 150286 0
42785 0 150946 0
42785 0 151596 0
42785 0 153206 0
42785 0 155064 0
42785 0 156055 0
42785 0 157015 0
42785 0 157520 0
42785 0 160961 0
42785 0 161661 0
42785 0 162169 0
42785 0 163153 0
42785 0 164872 0
42785 0 166273 0
42785 0 166710 0
42785 0 167405 0
42785 0 168126 0
42785 0 169730 0
42785 0 170985 0
42785 0 171447 0
42785 0 171930 0
42785 0 173364 0
42785 0 173850 0
42785 0 176626 0
42785 0 177051 0
42785 0 406974 1
42787 0 409687 1
42844 0 150070 0
42844 0 150103 0
42844 0 150226 1
42844 0 150232 0
42844 0 150249 0
42844 0 150286 0
42844 0 150371 0
42844 0 150459 0
42844 0 150543 0
42844 0 150639 0
42844 0 150736 0
42844 0 150811 0
42844 0 150869 0
42844 0 150872 0
42844 0 150946 0
42844 0 150979 0
42844 0 151054 0
42844 0 151059 0
42844 0 151104 0
42844 0 151138 0
42844 0 151183 0
42844 0 151237 0
42844 0 151352 0
42844 0 151486 0
42844 0 151551 0
42935 0 151452 0
42935 0 151479 0
42935 0 151741 0
42935 0 152734 0
42935 0 156991 0
42935 0 157183 0
42935 0 157548 0
42935 0 158202 0
42935 0 160892 0
42935 0 161633 0
42935 0 164019 0
42935 0 165275 0
42935 0 166970 0
42935 0 170379 0
42935 0 171103 0
42935 0 171266 0
42935 0 172620 0
42935 0 175732 0
42935 0 179427 1
42935 0 183496 0
42935 0 184898 0
42935 0 187001 0
42935 0 187797 0
42935 0 190852 0
42935 0 192380 0
42939 0 370093 0
42939 0 371228 1
42939 0 373495 0
42939 0 376595 0
42939 0 378430 0
42939 0 379703 0
42939 0 381659 0
42939 0 382596 0
42939 0 383093 0
42939 0 390057 0
42939 0 393980 0
42939 0 400092 0
42939 0 404245 0
42939 0 407078 0
42939 0 413723 0
42939 0 417375 0
42939 0 421329 0
42939 0 425101 0
42939 0 429189 0
42939 0 430191 0
42939 0 436279 0
42939 0 436850 0
42939 0 438488 0
42939 0 444100 0
42939 0 446749 0
42970 0 370600 0
42970 0 370897 0
42970 0 370916 0
42970 0 371162 0
42970 0 372380 0
42970 0 372474 0
42970 0 373453 1
42970 0 374278 0
42970 0 374305 0
42970 0 374771 0
42970 0 374787 0
42970 0 375050 0
42970 0 375104 0
42970 0 375506 0
42970 0 375726 0
42970 0 375888 0
42970 0 375923 0
42970 0 376080 0
42970 0 376660 0
42970 0 377258 0
42970 0 377417 0
42970 0 377693 0
42970 0 377770 0
42970 0 379551 0
42970 0 380218 0
42974 0 151452 1
42974 0 152734 0
42974 0 155408 0
42974 0 155641 0
42974 0 156991 0
42974 0 157183 0
42974 0 157548 0
42974 0 158202 0
42974 0 159964 0
42974 0 160892 0
42974 0 161233 0
42974 0 161633 0
42974 0 164019 0
42974 0 165275 0
42974 0 166532 0
42974 0 166970 0
42974 0 168867 0
42974 0 169096 0
42974 0 171103 0
42974 0 171266 0
42974 0 172620 0
42974 0 175732 0
42974 0 177269 0
42974 0 179427 0
42974 0 182498 0
42975 0 150286 0
42975 0 150946 0
42975 0 151596 0
42975 0 153206 0
42975 0 155064 0
42975 0 156055 0
42975 0 157015 0
42975 0 157520 0
42975 0 160961 0
42975 0 161661 0
42975 0 162169 0
42975 0 163153 0
42975 0 164872 0
42975 0 166273 0
42975 0 166710 0
42975 0 167405 0
42975 0 168126 0
42975 0 169730 0
42975 0 170985 0
42975 0 171447 0
42975 0 171930 0
42975 0 173364 0
42975 0 173850 0
42975 0 176626 0
42975 0 177051 0
42975 0 376139 1
42977 0 305901 0
42977 0 311376 0
42977 0 331969 0
42977 0 370092 0
42977 0 370093 0
42977 0 370184 0
42977 0 370206 0
42977 0 370271 0
42977 0 370274 0
42977 0 370413 0
42977 0 370432 0
42977 0 370479 0
42977 0 370681 0
42977 0 370739 0
42977 0 370781 0
42977 0 370829 0
42977 0 370916 0
42977 0 370919 0
42977 0 370944 0
42977 0 371000 0
42977 0 371131 0
42977 0 371176 0
42977 0 371212 0
42977 0 371221 0
42977 0 371228 0
42977 0 412927 1
42979 0 158202 0
42979 0 172620 0
42979 0 177269 0
42979 0 187001 0
42979 0 191907 0
42979 0 193614 0
42979 0 200307 0
42979 0 210020 0
42979 0 222289 0
42979 0 233116 0
42979 0 250611 0
42979 0 251936 0
42979 0 275939 0
42979 0 286917 0
42979 0 298215 0
42979 0 328755 0
42979 0 370013 0
42979 0 370093 0
42979 0 370101 0
42979 0 370111 0
42979 0 370184 0
42979 0 370228 0
42979 0 370271 0
42979 0 370413 0
42979 0 370432 0
42979 0 391315 1
43037 0 372833 0
43037 0 376807 0
43037 0 379092 0
43037 0 381164 0
43037 0 382235 0
43037 0 382644 0
43037 0 387246 0
43037 0 387463 0
43037 0 388183 0
43037 0 391043 0
43037 0 391315 0
43037 0 398727 0
43037 0 400707 0
43037 0 409329 0
43037 0 410932 0
43037 0 412489 0
43037 0 412728 1
43037 0 413819 0
43037 0 416095 0
43037 0 418241 0
43037 0 420443 0
43037 0 432147 0
43037 0 440562 0
43037 0 442404 0
43037 0 444012 0
43077 0 384411 1
43077 0 415147 0
43077 0 427526 0
43077 0 428655 0
43077 0 436636 0
43254 0 329579 0
43254 0 370093 0
43254 0 370432 0
43254 0 370829 0
43254 0 371000 0
43254 0 371228 0
43254 0 371312 0
43254 0 371656 1
43254 0 371711 0
43254 0 371925 0
43254 0 372141 0
43254 0 372268 0
43254 0 372401 0
43254 0 372561 0
43254 0 372722 0
43254 0 372784 0
43254 0 372897 0
43254 0 373303 0
43254 0 373440 0
43254 0 373484 0
43254 0 373495 0
43254 0 373564 0
43254 0 374207 0
43254 0 374235 0
43254 0 374754 0
43339 0 349492 1
43339 0 370876 0
43339 0 396373 0
43339 0 397242 0
43339 0 420170 0
43500 0 416282 1
43504 0 385583 1
43725 0 151596 0
43725 0 166273 0
43725 0 171930 0
43725 0 203789 0
43725 0 208331 0
43725 0 223113 0
43725 0 251135 0
43725 0 283734 0
43725 0 311376 0
43725 0 312961 0
43725 0 313775 0
43725 0 320464 0
43725 0 324486 0
43725 0 325068 0
43725 0 325530 0
43725 0 329064 0
43725 0 333508 0
43725 0 339381 0
43725 0 345296 0
43725 0 348516 0
43725 0 348614 0
43725 0 401258 0
43725 0 407634 0
43725 0 410623 0
43725 0 436451 0
43725 0 439120 1
43749 0 370489 1
43749 0 370600 0
43749 0 370696 0
43749 0 370897 0
43749 0 371340 0
43749 0 371763 0
43749 0 372106 0
43749 0 372380 0
43749 0 372738 0
43749 0 373035 0
43749 0 373288 0
43749 0 373453 0
43749 0 373911 0
43749 0 374278 0
43749 0 374542 0
43749 0 374687 0
43749 0 374787 0
43749 0 374912 0
43749 0 375104 0
43749 0 375654 0
43749 0 375726 0
43749 0 376425 0
43749 0 376556 0
43749 0 376788 0
43749 0 377365 0
43800 0 150286 0
43800 0 150946 0
43800 0 151596 0
43800 0 153206 0
43800 0 155064 0
43800 0 156055 0
43800 0 157015 0
43800 0 157520 1
43800 0 160961 0
43800 0 161661 0
43800 0 162169 0
43800 0 163153 0
43800 0 164872 0
43800 0 166273 0
43800 0 166710 0
43800 0 167405 0
43800 0 168126 0
43800 0 169730 0
43800 0 170985 0
43800 0 171447 0
43800 0 171930 0
43800 0 173364 0
43800 0 173850 0
43800 0 176626 0
43800 0 177051 0
43960 0 377391 1
44002 0 344880 0
44002 0 392772 0
44002 0 437883 1
44004 0 315833 1
44004 0 324622 0
44007 0 304468 0
44007 0 306711 0
44007 0 313536 0
44007 0 314323 0
44007 0 317293 0
44007 0 323145 0
44007 0 331329 0
44007 0 332741 0
44007 0 342290 1
44007 0 348649 0
44007 0 349492 0
44007 0 370073 0
44007 0 370093 0
44007 0 370099 0
44007 0 370278 0
44007 0 370489 0
44007 0 370543 0
44007 0 370566 0
44007 0 370600 0
44007 0 370696 0
44007 0 370876 0
44007 0 370897 0
44007 0 370916 0
44007 0 371009 0
44007 0 371113 0
44405 0 370093 0
44405 0 370600 0
44405 0 370897 0
44405 0 370916 0
44405 0 371162 0
44405 0 371228 0
44405 0 372106 1
44405 0 372380 0
44405 0 372474 0
44405 0 373035 0
44405 0 373440 0
44405 0 373453 0
44405 0 373926 0
44405 0 374278 0
44405 0 374305 0
44405 0 374554 0
44405 0 374771 0
44405 0 374787 0
44405 0 375050 0
44405 0 375104 0
44405 0 375506 0
44405 0 375726 0
44405 0 375888 0
44405 0 375923 0
44405 0 375978 0
44409 0 150166 1
44409 0 370897 0
44409 0 371340 0
44409 0 372106 0
44409 0 374429 0
44409 0 374542 0
44409 0 375984 0
44409 0 376425 0
44409 0 376595 0
44409 0 377476 0
44409 0 380784 0
44409 0 391492 0
44409 0 394957 0
44409 0 396925 0
44409 0 397579 0
44409 0 399584 0
44409 0 399886 0
44409 0 403747 0
44409 0 403751 0
44409 0 404728 0
44409 0 405681 0
44409 0 406982 0
44409 0 418740 0
44409 0 420583 0
44409 0 421500 0
44409 0 432606 0
44420 0 370093 0
44420 0 371482 1
44420 0 376264 0
44420 0 379703 0
44420 0 390895 0
44420 0 415840 0
44422 0 401754 1
44449 0 150134 0
44449 0 155635 0
44449 0 157711 0
44449 0 159220 0
44449 0 160095 0
44449 0 160591 0
44449 0 160679 0
44449 0 161586 0
44449 0 161709 0
44449 0 161729 0
44449 0 162083 0
44449 0 162722 0
44449 0 164718 0
44449 0 164732 0
44449 0 165597 0
44449 0 168397 0
44449 0 171253 0
44449 0 171375 0
44449 0 171393 0
44449 0 178174 0
44449 0 180125 0
44449 0 183602 0
44449 0 186324 0
44449 0 188139 0
44449 0 189875 0
44449 0 371312 1
44455 0 313828 0
44455 0 329579 0
44455 0 331936 0
44455 0 349492 0
44455 0 370206 0
44455 0 370274 0
44455 0 370681 0
44455 0 370769 0
44455 0 370903 0
44455 0 370985 0
44455 0 371111 0
44455 0 371212 0
44455 0 371312 0
44455 0 371493 0
44455 0 372339 0
44455 0 372799 0
44455 0 372977 0
44455 0 373012 0
44455 0 373162 0
44455 0 373404 0
44455 0 373453 0
44455 0 373473 0
44455 0 373509 0
44455 0 373558 0
44455 0 373833 0
44455 0 397912 1
44457 0 381758 1
44459 0 371113 0
44459 0 374947 0
44459 0 375655 0
44459 0 377365 0
44459 0 378386 0
44459 0 381758 0
44459 0 382010 0
44459 0 383292 0
44459 0 384747 0
44459 0 385367 0
44459 0 385832 0
44459 0 385864 0
44459 0 386178 0
44459 0 388079 0
44459 0 392118 0
44459 0 392955 0
44459 0 394227 0
44459 0 395872 0
44459 0 395880 0
44459 0 397713 0
44459 0 398417 0
44459 0 398909 0
44459 0 399886 0
44459 0 400469 0
44459 0 400618 0
44459 0 403551 1
44465 0 166710 0
44465 0 170985 0
44465 0 213506 0
44465 0 306711 0
44465 0 308953 0
44465 0 313480 1
44465 0 313536 0
44465 0 316443 0
44465 0 319276 0
44465 0 320110 0
44465 0 321080 0
44465 0 321582 0
44465 0 327240 0
44465 0 329579 0
44465 0 332576 0
44465 0 333344 0
44465 0 336290 0
44465 0 337118 0
44465 0 338853 0
44465 0 340718 0
44465 0 344718 0
44465 0 370130 0
44465 0 370184 0
44465 0 370185 0
44465 0 370200 0
44480 0 387766 1
44649 0 167964 0
44649 0 187001 0
44649 0 202997 0
44649 0 227770 0
44649 0 250611 0
44649 0 370093 0
44649 0 370101 0
44649 0 370114 0
44649 0 370148 0
44649 0 370228 0
44649 0 370432 0
44649 0 370451 0
44649 0 370452 0
44649 0 370630 0
44649 0 370781 0
44649 0 370916 0
44649 0 371000 0
44649 0 371013 0
44649 0 371079 0
44649 0 371228 0
44649 0 371253 0
44649 0 371312 0
44649 0 371725 1
44649 0 371904 0
44649 0 372030 0
44675 0 371354 0
44675 0 372062 1
44675 0 402649 0
44675 0 402808 0
44675 0 408206 0
44675 0 442271 0
44679 0 400618 1
44719 0 370093 0
44719 0 370148 0
44719 0 371228 0
44719 0 371253 0
44719 0 373495 0
44719 0 376089 0
44719 0 376595 0
44719 0 378430 0
44719 0 378854 0
44719 0 379703 0
44719 0 381659 0
44719 0 382106 0
44719 0 382596 0
44719 0 382721 1
44719 0 383093 0
44719 0 386557 0
44719 0 387177 0
44719 0 389419 0
44719 0 390057 0
44719 0 390080 0
44719 0 390719 0
44719 0 393178 0
44719 0 393980 0
44719 0 395247 0
44719 0 395802 0
44747 0 211176 0
44747 0 213143 0
44747 0 323811 0
44747 0 346270 0
44747 0 370035 1
44747 0 372464 0
44747 0 378759 0
44747 0 380879 0
44747 0 383213 0
44747 0 383962 0
44747 0 385830 0
44747 0 388390 0
44747 0 388941 0
44747 0 390212 0
44747 0 392407 0
44747 0 393924 0
44747 0 402376 0
44747 0 403902 0
44747 0 407959 0
44747 0 408583 0
44747 0 418764 0
44747 0 419486 0
44747 0 419627 0
44747 0 430582 0
44747 0 446421 0
44749 0 342290 1
44749 0 348649 0
44749 0 371230 0
44749 0 371992 0
44749 0 373817 0
44749 0 376076 0
44749 0 378615 0
44749 0 379239 0
44749 0 379332 0
44749 0 382195 0
44749 0 382237 0
44749 0 393649 0
44749 0 403161 0
44749 0 407583 0
44749 0 409706 0
44749 0 414529 0
44749 0 415891 0
44749 0 421890 0
44749 0 424377 0
44892 0 381747 0
44892 0 382871 0
44892 0 384867 0
44892 0 397161 0
44892 0 416863 0
44892 0 417841 0
44892 0 422957 0
44892 0 423947 0
44892 0 431071 0
44892 0 439500 0
44892 0 442913 0
44892 0 443361 1
44894 0 370093 0
44894 0 370099 0
44894 0 371228 0
44894 0 372474 0
44894 0 373440 0
44894 0 374771 0
44894 0 375050 0
44894 0 375506 0
44894 0 375888 0
44894 0 375978 0
44894 0 376595 0
44894 0 376596 1
44894 0 377417 0
44894 0 377693 0
44894 0 377770 0
44894 0 378430 0
44894 0 380563 0
44894 0 381758 0
44894 0 382749 0
44894 0 382942 0
44894 0 382955 0
44894 0 382962 0
44894 0 384915 0
44894 0 388207 0
44894 0 388224 0
44912 0 383668 1
44914 0 150001 0
44914 0 150002 0
44914 0 150003 0
44914 0 150004 0
44914 0 150005 0
44914 0 150006 0
44914 0 150011 0
44914 0 150012 0
44914 0 150013 0
44914 0 150014 0
44914 0 150015 0
44914 0 150018 0
44914 0 150021 0
44914 0 150025 0
44914 0 150027 0
44914 0 150029 0
44914 0 150032 0
44914 0 150037 0
44914 0 150040 0
44914 0 150042 0
44914 0 150046 0
44914 0 150047 0
44914 0 150048 1
44914 0 150050 0
44914 0 150051 0
44920 0 377944 0
44920 0 381183 0
44920 0 382235 0
44920 0 385592 0
44920 0 387463 0
44920 0 399103 0
44920 0 400411 0
44920 0 402510 0
44920 0 407658 0
44920 0 408483 0
44920 0 413507 0
44920 0 413737 0
44920 0 414271 0
44920 0 418173 0
44920 0 446098 1
44990 0 150001 0
44990 0 150002 0
44990 0 150003 0
44990 0 150004 0
44990 0 150005 0
44990 0 150006 0
44990 0 150007 0
44990 0 150008 0
44990 0 150009 0
44990 0 150010 0
44990 0 150011 0
44990 0 150012 0
44990 0 150013 0
44990 0 150014 0
44990 0 150015 0
44990 0 150016 0
44990 0 150017 0
44990 0 150018 0
44990 0 150019 0
44990 0 150020 0
44990 0 150021 0
44990 0 150022 0
44990 0 150023 0
44990 0 150024 0
44990 0 150025 0
44990 0 413507 1
45039 0 150001 0
45039 0 150002 0
45039 0 150003 0
45039 0 150004 1
45039 0 150005 0
45039 0 150006 0
45039 0 150007 0
45039 0 150008 0
45039 0 150009 0
45039 0 150010 0
45039 0 150011 0
45039 0 150012 0
45039 0 150013 0
45039 0 150014 0
45039 0 150015 0
45039 0 150016 0
45039 0 150017 0
45039 0 150018 0
45039 0 150019 0
45039 0 150020 0
45039 0 150021 0
45039 0 150022 0
45039 0 150023 0
45039 0 150024 0
45039 0 150025 0
45059 0 150002 0
45059 0 150006 0
45059 0 150008 0
45059 0 150011 0
45059 0 150012 0
45059 0 150015 0
45059 0 150020 0
45059 0 150027 0
45059 0 150031 0
45059 0 150032 0
45059 0 150035 1
45059 0 150036 0
45059 0 150037 0
45059 0 150041 0
45059 0 150045 0
45059 0 150047 0
45059 0 150053 0
45059 0 150055 0
45059 0 150058 0
45059 0 150062 0
45059 0 150068 0
45059 0 150074 0
45059 0 150076 0
45059 0 150077 0
45059 0 150078 0
45074 0 412973 1
45122 0 382946 1
45124 0 153840 0
45124 0 165275 0
45124 0 181190 0
45124 0 184203 0
45124 0 184830 0
45124 0 189378 0
45124 0 190659 0
45124 0 217244 0
45124 0 225086 0
45124 0 229333 0
45124 0 245143 0
45124 0 251188 0
45124 0 268659 0
45124 0 275989 0
45124 0 290000 0
45124 0 302869 0
45124 0 306568 0
45124 0 313849 0
45124 0 318258 0
45124 0 323928 0
45124 0 327928 0
45124 0 328755 0
45124 0 329949 0
45124 0 340182 0
45124 0 346357 0
45124 0 392532 1
45155 0 160783 1
45157 0 150099 0
45157 0 155607 0
45157 0 155932 0
45157 0 172159 0
45157 0 173674 0
45157 0 182669 0
45157 0 191688 0
45157 0 197178 0
45157 0 211903 0
45157 0 239248 0
45157 0 246122 0
45157 0 265029 0
45157 0 271045 0
45157 0 279177 0
45157 0 282381 0
45157 0 372379 0
45157 0 374867 0
45157 0 377633 0
45157 0 379406 1
45157 0 379807 0
45157 0 380028 0
45157 0 380466 0
45157 0 381402 0
45157 0 385306 0
45157 0 385692 0
45159 0 379936 1
45170 0 370074 0
45170 0 370087 0
45170 0 371228 0
45170 0 371354 0
45170 0 371357 0
45170 0 371599 0
45170 0 372062 0
45170 0 372897 0
45170 0 373049 0
45170 0 373495 0
45170 0 373573 0
45170 0 373652 0
45170 0 373786 0
45170 0 374137 0
45170 0 374192 0
45170 0 374492 0
45170 0 374631 0
45170 0 374643 0
45170 0 374813 0
45170 0 375404 1
45170 0 375416 0
45170 0 375499 0
45170 0 375506 0
45170 0 375541 0
45170 0 375814 0
45172 0 210020 1
45174 0 370093 0
45174 0 372897 0
45174 0 373573 0
45174 0 376995 0
45174 0 379703 0
45174 0 381581 0
45174 0 381793 0
45174 0 382513 0
45174 0 386664 0
45174 0 389345 0
45174 0 392706 0
45174 0 398781 0
45174 0 401231 0
45174 0 401279 0
45174 0 417629 1
45174 0 420147 0
45174 0 422080 0
45174 0 429170 0
45174 0 430190 0
45174 0 435506 0
45174 0 439417 0
45420 0 396815 1
45425 0 309728 1
45427 0 231590 0
45427 0 248193 0
45427 0 256886 0
45427 0 263056 0
45427 0 309322 0
45427 0 325005 1
45427 0 349290 0
45429 0 152250 1
45437 0 209087 0
45437 0 290118 0
45437 0 301891 0
45437 0 304468 0
45437 0 306431 0
45437 0 307384 0
45437 0 308249 0
45437 0 308472 0
45437 0 309497 0
45437 0 313536 0
45437 0 314323 0
45437 0 315903 0
45437 0 316387 0
45437 0 320464 0
45437 0 320505 0
45437 0 322584 0
45437 0 322843 0
45437 0 323007 0
45437 0 323959 0
45437 0 325517 0
45437 0 328181 0
45437 0 334594 0
45437 0 334898 0
45437 0 340735 0
45437 0 348649 0
45437 0 379239 1
45555 0 343325 1
45559 0 208331 0
45559 0 210867 0
45559 0 217120 0
45559 0 269911 0
45559 0 300618 0
45559 0 303794 0
45559 0 304062 0
45559 0 304363 0
45559 0 308101 0
45559 0 308603 0
45559 0 312266 0
45559 0 320574 0
45559 0 321089 0
45559 0 323104 0
45559 0 327441 0
45559 0 330990 0
45559 0 331557 0
45559 0 333566 0
45559 0 336310 0
45559 0 338781 0
45559 0 340486 0
45559 0 341115 0
45559 0 342900 0
45559 0 345057 0
45559 0 345529 0
45559 0 376198 1
45590 0 259156 0
45590 0 301891 0
45590 0 304468 0
45590 0 306711 0
45590 0 313536 0
45590 0 314323 0
45590 0 315296 0
45590 0 315903 0
45590 0 317293 0
45590 0 322843 0
45590 0 323145 0
45590 0 325517 0
45590 0 331329 0
45590 0 332741 0
45590 0 342290 0
45590 0 348649 0
45590 0 349492 0
45590 0 370073 1
45590 0 370093 0
45590 0 370099 0
45590 0 370278 0
45590 0 370489 0
45590 0 370543 0
45590 0 370566 0
45590 0 370600 0
45594 0 259156 1
45594 0 301891 0
45594 0 304468 0
45594 0 306711 0
45594 0 313536 0
45594 0 314323 0
45594 0 315296 0
45594 0 315903 0
45594 0 317293 0
45594 0 322843 0
45594 0 323145 0
45594 0 325517 0
45594 0 331329 0
45594 0 332741 0
45594 0 342290 0
45594 0 348649 0
45594 0 349492 0
45594 0 370073 0
45594 0 370099 0
45594 0 370489 0
45594 0 370543 0
45594 0 370566 0
45594 0 370600 0
45594 0 370696 0
45594 0 370876 0
45712 0 419285 1
45712 0 443965 0
45716 0 386306 1
45716 0 406773 0
45716 0 411582 0
45716 0 428069 0
45719 0 432519 1
45935 0 343325 1
45979 0 212873 0
45979 0 372405 0
45979 0 396408 1
45979 0 398133 0
45979 0 401610 0
45979 0 407796 0
45979 0 425065 0
45979 0 442637 0
46072 0 150150 0
46072 0 150736 0
46072 0 150828 0
46072 0 150958 0
46072 0 151012 0
46072 0 151286 0
46072 0 151452 0
46072 0 151567 0
46072 0 151663 0
46072 0 151687 0
46072 0 151712 0
46072 0 151760 0
46072 0 152117 0
46072 0 152336 0
46072 0 152474 0
46072 0 152623 0
46072 0 152678 0
46072 0 152824 0
46072 0 152958 0
46072 0 153138 0
46072 0 153278 0
46072 0 153990 0
46072 0 154130 0
46072 0 154162 0
46072 0 154538 0
46072 0 375541 1
46315 0 165922 0
46315 0 166273 0
46315 0 177434 0
46315 0 180505 0
46315 0 180869 0
46315 0 211531 0
46315 0 222286 0
46315 0 224527 0
46315 0 224807 0
46315 0 226077 0
46315 0 235695 0
46315 0 249247 0
46315 0 257644 0
46315 0 264084 0
46315 0 270983 0
46315 0 282874 0
46315 0 300030 1
46315 0 303116 0
46315 0 307205 0
46315 0 310870 0
46315 0 311376 0
46315 0 312942 0
46315 0 313775 0
46315 0 315520 0
46315 0 317447 0
46319 0 429509 1
40735 0 370897 0
40735 0 373817 0
40735 0 376425 0
40735 0 378974 1
40735 0 380746 0
40735 0 380784 0
40735 0 381566 0
40735 0 382962 0
40735 0 384915 0
40735 0 391492 0
40735 0 394957 0
40735 0 395467 0
40735 0 396815 0
40735 0 397541 0
40735 0 399581 0
40735 0 399584 0
40735 0 403161 0
40735 0 403747 0
40735 0 406546 0
40735 0 406773 0
40735 0 408767 0
40735 0 414172 0
40735 0 415982 0
40735 0 418740 0
40735 0 421500 0
40735 0 432606 0
40824 0 160401 0
40824 0 186198 0
40824 0 188076 0
40824 0 222607 0
40824 0 340203 0
40824 0 370774 0
40824 0 376405 0
40824 0 378436 0
40824 0 379265 0
40824 0 381310 1
40824 0 385443 0
40824 0 385459 0
40824 0 390183 0
40824 0 391571 0
40824 0 391942 0
40824 0 394600 0
40824 0 399803 0
40824 0 402113 0
40824 0 403827 0
40824 0 408542 0
40824 0 414741 0
40824 0 420539 0
40824 0 435359 0
40824 0 435875 0
40824 0 440204 0
40824 0 442397 0
40865 0 283273 0
40865 0 370348 0
40865 0 370401 0
40865 0 375638 0
40865 0 376400 0
40865 0 376407 0
40865 0 377444 0
40865 0 381471 0
40865 0 382454 0
40865 0 382912 0
40865 0 387407 0
40865 0 387526 0
40865 0 391962 0
40865 0 393886 0
40865 0 398610 0
40865 0 399467 0
40865 0 401954 0
40865 0 402654 0
40865 0 416472 1
40865 0 418055 0
40865 0 420095 0
40865 0 424936 0
40865 0 426267 0
40865 0 431682 0
40865 0 443978 0
40900 0 181681 0
40900 0 186349 0
40900 0 197534 0
40900 0 247537 0
40900 0 264341 0
40900 0 328497 0
40900 0 370633 0
40900 0 373424 0
40900 0 378201 0
40900 0 384655 0
40900 0 385693 0
40900 0 390925 1
40900 0 391543 0
40900 0 404157 0
40900 0 405639 0
40900 0 408577 0
40900 0 417383 0
40900 0 419530 0
40900 0 420334 0
40900 0 423181 0
40900 0 425826 0
40900 0 432196 0
40900 0 438510 0
40900 0 444964 0
40900 0 446784 0
40979 0 150426 0
40979 0 159597 0
40979 0 163117 0
40979 0 163320 0
40979 0 167443 0
40979 0 168786 0
40979 0 170819 0
40979 0 215600 0
40979 0 232650 0
40979 0 237275 0
40979 0 255587 0
40979 0 265082 0
40979 0 278845 0
40979 0 285193 0
40979 0 287915 0
40979 0 288129 0
40979 0 290947 0
40979 0 291171 0
40979 0 293200 0
40979 0 294222 0
40979 0 318531 0
40979 0 329793 0
40979 0 388374 1
40979 0 414083 0
40979 0 426297 0
41017 0 164529 0
41017 0 180234 0
41017 0 192635 0
41017 0 195994 0
41017 0 198482 0
41017 0 199145 0
41017 0 207116 0
41017 0 209724 0
41017 0 226133 0
41017 0 245087 0
41017 0 311802 0
41017 0 313017 0
41017 0 314360 0
41017 0 317100 0
41017 0 320985 0
41017 0 328742 0
41017 0 328921 0
41017 0 334838 0
41017 0 347850 0
41017 0 376418 0
41017 0 396694 1
41017 0 398279 0
41017 0 410232 0
41017 0 430046 0
41017 0 432741 0
41055 0 300581 0
41055 0 374464 0
41055 0 374489 0
41055 0 376713 0
41055 0 379043 0
41055 0 382896 0
41055 0 382974 1
41055 0 384685 0
41055 0 388398 0
41055 0 393733 0
41055 0 397847 0
41055 0 407792 0
41055 0 412828 0
41055 0 413337 0
41055 0 413634 0
41055 0 413973 0
41055 0 415118 0
41055 0 417918 0
41055 0 422084 0
41055 0 426222 0
41055 0 430084 0
41055 0 435579 0
41055 0 435676 0
41055 0 437880 0
41055 0 439386 0
41055 0 446142 0
41059 0 172272 0
41059 0 192900 0
41059 0 204059 0
41059 0 206993 0
41059 0 219461 0
41059 0 224579 0
41059 0 260235 0
41059 0 286752 0
41059 0 313353 0
41059 0 326604 0
41059 0 341991 0
41059 0 376040 0
41059 0 379330 0
41059 0 382974 0
41059 0 389697 0
41059 0 395929 0
41059 0 405773 0
41059 0 408717 0
41059 0 415267 0
41059 0 417089 0
41059 0 419637 0
41059 0 419938 0
41059 0 420250 0
41059 0 430584 0
41059 0 433362 0
41059 0 435789 1
41065 0 370110 0
41065 0 370148 0
41065 0 373391 0
41065 0 373495 0
41065 0 373564 0
41065 0 378430 0
41065 0 378854 0
41065 0 381903 0
41065 0 390107 0
41065 0 395247 0
41065 0 395697 0
41065 0 398706 0
41065 0 399443 0
41065 0 400092 0
41065 0 404245 0
41065 0 405046 0
41065 0 407078 0
41065 0 409156 0
41065 0 410838 0
41065 0 412872 0
41065 0 413723 0
41065 0 430089 0
41065 0 430396 1
41065 0 432321 0
41065 0 441264 0
41065 0 444100 0
41067 0 371489 0
41067 0 373289 0
41067 0 375905 0
41067 0 376220 1
41067 0 377284 0
41067 0 385527 0
41067 0 388062 0
41067 0 388761 0
41067 0 391548 0
41067 0 393206 0
41067 0 395867 0
41067 0 396287 0
41067 0 396366 0
41067 0 399227 0
41067 0 403836 0
41067 0 405375 0
41067 0 413204 0
41067 0 413668 0
41067 0 418131 0
41067 0 418966 0
41067 0 423817 0
41067 0 428706 0
41067 0 433584 0
41067 0 444173 0
41067 0 445558 0
41867 0 373473 0
41867 0 374189 1
41867 0 374883 0
41867 0 374946 0
41867 0 375110 0
41867 0 375885 0
41867 0 376484 0
41867 0 378780 0
41867 0 381826 0
41867 0 386207 0
41867 0 386895 0
41867 0 388352 0
41867 0 396013 0
41867 0 400618 0
41867 0 403538 0
41867 0 411228 0
41867 0 421368 0
41867 0 428006 0
41867 0 428348 0
41867 0 431418 0
41867 0 432953 0
41867 0 433246 0
41867 0 435923 0
41867 0 436801 0
41867 0 437391 0
41867 0 441068 0
42105 0 150620 0
42105 0 150630 0
42105 0 150780 0
42105 0 151399 0
42105 0 152149 0
42105 0 153369 0
42105 0 153556 0
42105 0 153777 0
42105 0 153902 0
42105 0 154301 0
42105 0 154604 0
42105 0 154804 0
42105 0 155392 0
42105 0 156355 0
42105 0 156873 0
42105 0 157562 0
42105 0 157629 0
42105 0 157943 0
42105 0 158976 0
42105 0 159024 0
42105 0 159455 0
42105 0 159751 0
42105 0 159908 0
42105 0 160219 0
42105 0 160830 0
42105 0 425488 1
42110 0 371276 0
42110 0 371385 0
42110 0 372092 0
42110 0 372767 0
42110 0 373731 0
42110 0 380741 0
42110 0 384065 0
42110 0 386685 0
42110 0 388851 0
42110 0 394650 0
42110 0 397277 0
42110 0 400705 0
42110 0 409102 0
42110 0 411806 0
42110 0 412728 1
42110 0 412764 0
42110 0 413819 0
42110 0 414994 0
42110 0 416699 0
42110 0 416863 0
42110 0 429919 0
42110 0 430427 0
42110 0 438858 0
42110 0 439500 0
42110 0 439849 0
42112 0 335166 0
42112 0 375438 0
42112 0 379807 0
42112 0 380599 0
42112 0 383302 0
42112 0 387765 0
42112 0 388763 0
42112 0 393876 0
42112 0 394650 0
42112 0 395030 0
42112 0 395052 0
42112 0 398383 1
42112 0 399771 0
42112 0 404309 0
42112 0 411749 0
42112 0 412764 0
42112 0 414275 0
42112 0 414846 0
42112 0 414884 0
42112 0 421576 0
42112 0 430073 0
42112 0 440492 0
42112 0 441171 0
42112 0 446097 0
42112 0 446985 0
42294 0 157853 0
42294 0 185114 0
42294 0 205936 0
42294 0 206677 0
42294 0 212930 0
42294 0 217818 0
42294 0 227487 0
42294 0 240119 0
42294 0 252230 0
42294 0 271520 0
42294 0 282874 0
42294 0 300030 0
42294 0 300489 0
42294 0 307759 0
42294 0 312027 0
42294 0 313035 0
42294 0 315628 0
42294 0 320464 1
42294 0 324382 0
42294 0 324421 0
42294 0 331530 0
42294 0 341069 0
42294 0 342116 0
42294 0 344344 0
42294 0 348051 0
42294 0 429509 0
42330 0 185072 0
42330 0 348670 0
42330 0 370474 0
42330 0 378991 0
42330 0 379984 0
42330 0 382385 0
42330 0 387249 0
42330 0 387951 0
42330 0 388509 0
42330 0 388958 0
42330 0 395429 0
42330 0 403004 0
42330 0 403836 0
42330 0 417813 1
42330 0 418131 0
42330 0 421775 0
42330 0 422142 0
42330 0 422618 0
42330 0 426121 0
42330 0 427355 0
42330 0 430611 0
42330 0 439191 0
42330 0 440156 0
42330 0 442534 0
42330 0 445488 0
42344 0 304468 0
42344 0 308603 0
42344 0 327441 0
42344 0 371763 0
42344 0 376290 0
42344 0 377258 0
42344 0 380398 0
42344 0 381672 0
42344 0 381752 0
42344 0 385270 0
42344 0 386915 0
42344 0 388009 0
42344 0 388207 0
42344 0 390622 0
42344 0 390871 0
42344 0 396598 1
42344 0 402540 0
42344 0 403751 0
42344 0 403862 0
42344 0 408169 0
42344 0 416078 0
42344 0 420304 0
42344 0 421139 0
42344 0 421304 0
42344 0 428785 0
42344 0 445000 0
42702 0 185803 0
42702 0 187234 0
42702 0 213957 0
42702 0 268659 0
42702 0 284770 0
42702 0 302421 0
42702 0 307494 0
42702 0 317415 0
42702 0 340770 0
42702 0 374942 1
42702 0 376241 0
42702 0 380274 0
42702 0 387926 0
42702 0 389777 0
42702 0 398411 0
42702 0 400925 0
42702 0 401801 0
42702 0 410527 0
42702 0 413696 0
42702 0 417308 0
42702 0 419801 0
42702 0 426198 0
42702 0 430318 0
42702 0 436093 0
42702 0 440644 0
42789 0 373496 1
42789 0 375650 0
42789 0 377693 0
42789 0 381581 0
42789 0 381852 0
42789 0 383958 0
42789 0 384492 0
42789 0 384621 0
42789 0 387001 0
42789 0 387177 0
42789 0 389676 0
42789 0 398781 0
42789 0 401994 0
42789 0 403862 0
42789 0 405355 0
42789 0 409986 0
42789 0 412200 0
42789 0 412449 0
42789 0 413173 0
42789 0 413507 0
42789 0 415228 0
42789 0 417611 0
42789 0 427612 0
42789 0 440562 0
42789 0 440910 0
42789 0 445853 0
42840 0 370897 0
42840 0 373817 0
42840 0 376425 0
42840 0 380746 0
42840 0 380784 0
42840 0 381566 0
42840 0 382962 0
42840 0 384915 0
42840 0 391492 0
42840 0 394957 1
42840 0 395467 0
42840 0 396815 0
42840 0 397541 0
42840 0 399581 0
42840 0 399584 0
42840 0 403161 0
42840 0 403747 0
42840 0 406546 0
42840 0 406773 0
42840 0 408767 0
42840 0 414172 0
42840 0 415982 0
42840 0 418740 0
42840 0 421500 0
42840 0 432606 0
42842 0 164872 0
42842 0 259443 0
42842 0 281059 0
42842 0 300141 0
42842 0 305420 0
42842 0 308055 0
42842 0 310708 0
42842 0 315833 0
42842 0 320464 0
42842 0 321206 0
42842 0 321362 0
42842 0 321559 0
42842 0 330134 0
42842 0 331503 0
42842 0 342797 0
42842 0 342814 0
42842 0 344880 0
42842 0 373206 0
42842 0 376446 1
42842 0 385598 0
42842 0 389413 0
42842 0 393998 0
42842 0 404259 0
42842 0 437141 0
42842 0 439535 0
42885 0 373127 0
42885 0 374974 0
42885 0 377284 0
42885 0 377677 0
42885 0 378535 0
42885 0 379258 0
42885 0 386075 0
42885 0 388261 0
42885 0 390925 0
42885 0 391543 1
42885 0 394475 0
42885 0 395873 0
42885 0 397574 0
42885 0 402126 0
42885 0 402393 0
42885 0 404728 0
42885 0 407948 0
42885 0 409124 0
42885 0 410089 0
42885 0 410633 0
42885 0 411168 0
42885 0 419555 0
42885 0 421562 0
42885 0 431351 0
42885 0 446519 0
42937 0 327539 0
42937 0 371359 0
42937 0 371688 0
42937 0 372148 0
42937 0 373059 0
42937 0 379022 0
42937 0 380698 0
42937 0 386156 0
42937 0 389244 0
42937 0 398211 0
42937 0 400331 0
42937 0 402618 0
42937 0 403572 0
42937 0 405440 0
42937 0 411699 1
42937 0 412019 0
42937 0 412208 0
42937 0 412547 0
42937 0 412927 0
42937 0 414944 0
42937 0 420153 0
42937 0 425945 0
42937 0 433392 0
42937 0 437928 0
42937 0 442673 0
42972 0 219556 0
42972 0 232319 0
42972 0 235121 0
42972 0 274686 0
42972 0 307770 0
42972 0 371254 0
42972 0 377474 0
42972 0 381525 0
42972 0 384424 0
42972 0 386592 0
42972 0 391451 0
42972 0 392785 0
42972 0 393308 0
42972 0 395134 0
42972 0 395605 0
42972 0 406219 0
42972 0 408774 1
42972 0 410556 0
42972 0 414004 0
42972 0 419278 0
42972 0 428400 0
42972 0 430297 0
42972 0 435696 0
42972 0 436814 0
42972 0 445580 0
43000 0 300643 0
43000 0 313775 0
43000 0 315343 0
43000 0 338190 0
43000 0 342057 0
43000 0 349713 0
43000 0 371846 0
43000 0 372307 0
43000 0 373114 0
43000 0 379273 0
43000 0 383482 0
43000 0 385080 0
43000 0 386976 0
43000 0 388034 1
43000 0 389188 0
43000 0 395126 0
43000 0 397780 0
43000 0 401267 0
43000 0 408221 0
43000 0 409146 0
43000 0 413429 0
43000 0 415031 0
43000 0 419140 0
43000 0 431698 0
43000 0 435311 0
43075 0 370897 0
43075 0 373817 0
43075 0 374583 1
43075 0 376425 0
43075 0 380746 0
43075 0 380784 0
43075 0 381566 0
43075 0 382962 0
43075 0 384915 0
43075 0 391492 0
43075 0 394957 0
43075 0 395467 0
43075 0 396815 0
43075 0 397541 0
43075 0 399581 0
43075 0 399584 0
43075 0 403161 0
43075 0 403747 0
43075 0 406546 0
43075 0 406773 0
43075 0 408767 0
43075 0 414172 0
43075 0 415982 0
43075 0 418740 0
43075 0 421500 0
43075 0 432606 0
43250 0 373404 0
43250 0 376866 0
43250 0 376892 0
43250 0 377140 0
43250 0 381047 0
43250 0 384505 0
43250 0 384957 0
43250 0 387060 0
43250 0 389459 0
43250 0 391682 0
43250 0 396149 0
43250 0 397277 0
43250 0 403361 0
43250 0 407793 0
43250 0 411582 0
43250 0 416934 0
43250 0 423523 0
43250 0 426878 0
43250 0 429682 0
43250 0 435349 0
43250 0 438439 1
43250 0 438785 0
43250 0 440491 0
43250 0 441152 0
43250 0 446344 0
43252 0 371354 0
43252 0 375814 0
43252 0 375987 0
43252 0 377107 0
43252 0 378262 0
43252 0 379149 0
43252 0 380746 0
43252 0 382721 0
43252 0 383068 0
43252 0 386240 0
43252 0 387108 0
43252 0 390774 0
43252 0 399356 0
43252 0 409369 0
43252 0 410210 0
43252 0 413329 0
43252 0 419607 0
43252 0 430191 0
43252 0 435608 0
43252 0 436850 0
43252 0 439853 0
43252 0 445525 0
43252 0 446025 0
43252 0 446265 0
43252 0 446749 1
43290 0 152710 0
43290 0 153377 0
43290 0 155005 0
43290 0 166720 0
43290 0 169288 0
43290 0 170574 0
43290 0 171654 0
43290 0 172767 0
43290 0 174271 0
43290 0 177947 0
43290 0 180106 0
43290 0 182252 0
43290 0 195663 0
43290 0 196526 0
43290 0 208025 0
43290 0 221562 0
43290 0 223650 0
43290 0 228946 0
43290 0 230901 0
43290 0 233698 0
43290 0 237577 0
43290 0 239711 0
43290 0 240787 0
43290 0 241617 0
43290 0 242559 0
43290 0 414723 1
43315 0 279009 0
43315 0 370307 0
43315 0 372401 0
43315 0 373584 0
43315 0 380094 0
43315 0 380563 0
43315 0 382356 0
43315 0 382379 0
43315 0 382838 1
43315 0 385350 0
43315 0 393655 0
43315 0 394457 0
43315 0 396273 0
43315 0 398466 0
43315 0 400590 0
43315 0 403921 0
43315 0 405153 0
43315 0 406591 0
43315 0 407851 0
43315 0 412697 0
43315 0 416080 0
43315 0 416622 0
43315 0 421757 0
43315 0 433954 0
43315 0 443540 0
43319 0 209731 0
43319 0 306983 0
43319 0 370851 0
43319 0 371193 0
43319 0 372379 0
43319 0 381402 0
43319 0 384838 1
43319 0 388717 0
43319 0 393565 0
43319 0 394923 0
43319 0 395009 0
43319 0 395036 0
43319 0 397513 0
43319 0 401006 0
43319 0 403662 0
43319 0 405182 0
43319 0 408945 0
43319 0 414069 0
43319 0 418847 0
43319 0 421576 0
43319 0 425481 0
43319 0 431055 0
43319 0 435463 0
43319 0 440081 0
43319 0 440955 0
43319 0 442876 0
43337 0 251347 0
43337 0 268211 0
43337 0 317926 0
43337 0 370942 0
43337 0 377391 0
43337 0 380885 0
43337 0 384566 0
43337 0 387968 0
43337 0 396463 0
43337 0 401874 0
43337 0 402477 0
43337 0 404235 0
43337 0 404968 0
43337 0 408536 0
43337 0 410134 0
43337 0 411798 0
43337 0 414668 0
43337 0 421366 0
43337 0 421594 0
43337 0 429283 0
43337 0 435196 0
43337 0 438421 0
43337 0 438546 0
43337 0 439853 1
43337 0 441182 0
43337 0 442501 0
43495 0 370897 0
43495 0 373817 0
43495 0 376425 0
43495 0 380746 0
43495 0 380784 0
43495 0 381566 0
43495 0 382962 0
43495 0 384915 0
43495 0 391492 0
43495 0 394957 0
43495 0 395467 0
43495 0 396815 0
43495 0 397541 0
43495 0 399581 0
43495 0 399584 0
43495 0 403161 0
43495 0 403747 0
43495 0 406546 0
43495 0 406773 0
43495 0 408767 0
43495 0 414172 0
43495 0 415982 0
43495 0 418740 0
43495 0 421500 0
43495 0 423024 1
43495 0 432606 0
43502 0 377678 0
43502 0 382940 0
43502 0 384881 0
43502 0 387951 0
43502 0 388092 0
43502 0 394847 0
43502 0 398044 0
43502 0 398163 0
43502 0 398841 0
43502 0 402396 0
43502 0 409509 0
43502 0 410911 0
43502 0 411560 0
43502 0 416076 0
43502 0 420700 0
43502 0 424142 0
43502 0 424148 0
43502 0 425004 0
43502 0 427497 0
43502 0 431003 0
43502 0 431100 1
43502 0 435340 0
43502 0 436100 0
43502 0 436790 0
43502 0 442910 0
43729 0 190578 0
43729 0 344454 0
43729 0 370178 0
43729 0 371254 0
43729 0 375325 0
43729 0 376108 0
43729 0 379036 0
43729 0 385692 0
43729 0 386945 0
43729 0 387202 0
43729 0 390235 0
43729 0 393643 0
43729 0 395966 0
43729 0 397038 1
43729 0 403449 0
43729 0 404240 0
43729 0 426038 0
43729 0 431138 0
43729 0 432531 0
43729 0 438089 0
43729 0 441372 0
43729 0 442892 0
43729 0 443562 0
43729 0 444944 0
43729 0 445696 0
44084 0 168542 0
44084 0 312444 0
44084 0 317728 0
44084 0 376168 0
44084 0 376274 0
44084 0 378907 0
44084 0 379324 0
44084 0 381012 0
44084 0 381065 0
44084 0 382025 0
44084 0 382115 0
44084 0 382689 1
44084 0 386361 0
44084 0 393543 0
44084 0 400543 0
44084 0 401754 0
44084 0 404767 0
44084 0 410625 0
44084 0 413979 0
44084 0 418957 0
44084 0 421028 0
44084 0 424389 0
44084 0 433500 0
44084 0 436435 0
44084 0 439626 0
44407 0 370332 0
44407 0 371521 0
44407 0 372985 0
44407 0 382369 0
44407 0 383065 0
44407 0 384607 0
44407 0 386449 0
44407 0 387875 0
44407 0 388183 0
44407 0 392790 0
44407 0 395193 0
44407 0 395467 0
44407 0 400536 0
44407 0 402552 0
44407 0 403166 1
44407 0 404267 0
44407 0 406749 0
44407 0 406829 0
44407 0 408941 0
44407 0 409681 0
44407 0 409736 0
44407 0 415614 0
44407 0 417498 0
44407 0 429619 0
44407 0 441121 0
44424 0 165475 0
44424 0 165817 0
44424 0 208592 0
44424 0 251059 0
44424 0 252202 0
44424 0 252927 0
44424 0 291366 0
44424 0 294077 0
44424 0 330510 0
44424 0 337071 0
44424 0 342030 0
44424 0 346191 0
44424 0 370457 1
44424 0 372212 0
44424 0 384913 0
44424 0 388364 0
44424 0 393985 0
44424 0 396031 0
44424 0 399118 0
44424 0 403427 0
44424 0 404668 0
44424 0 418010 0
44424 0 423593 0
44424 0 433854 0
44424 0 439099 0
44424 0 444336 0
44445 0 370093 0
44445 0 371228 0
44445 0 373495 0
44445 0 376264 0
44445 0 379703 0
44445 0 390057 0
44445 0 390895 1
44445 0 395239 0
44445 0 395802 0
44445 0 400092 0
44445 0 405732 0
44445 0 406761 0
44445 0 406974 0
44445 0 407078 0
44445 0 413723 0
44445 0 414554 0
44445 0 415840 0
44445 0 420147 0
44445 0 425167 0
44445 0 430191 0
44445 0 430573 0
44445 0 436586 0
44445 0 437063 0
44445 0 444100 0
44445 0 446749 0
44447 0 370093 0
44447 0 371228 1
44447 0 373495 0
44447 0 378430 0
44447 0 380926 0
44447 0 381849 0
44447 0 390895 0
44447 0 395802 0
44447 0 400092 0
44447 0 404245 0
44447 0 406974 0
44447 0 410838 0
44447 0 413723 0
44447 0 414614 0
44447 0 415050 0
44447 0 415840 0
44447 0 421329 0
44447 0 422014 0
44447 0 424407 0
44447 0 425101 0
44447 0 425167 0
44447 0 430110 0
44447 0 430191 0
44447 0 430573 0
44447 0 446131 0
44635 0 161729 0
44635 0 266467 0
44635 0 370349 0
44635 0 374009 0
44635 0 379219 0
44635 0 381385 0
44635 0 386739 0
44635 0 394389 0
44635 0 394923 0
44635 0 406551 0
44635 0 407687 0
44635 0 410439 0
44635 0 411279 0
44635 0 412892 0
44635 0 413881 1
44635 0 415324 0
44635 0 415806 0
44635 0 419421 0
44635 0 432847 0
44635 0 433389 0
44635 0 436851 0
44635 0 437986 0
44635 0 438173 0
44635 0 438262 0
44635 0 440985 0
44635 0 446844 0
44645 0 370093 0
44645 0 371228 0
44645 0 373495 0
44645 0 376264 0
44645 0 379703 0
44645 0 390057 0
44645 0 390895 0
44645 0 395802 0
44645 0 400092 0
44645 0 404731 0
44645 0 405732 0
44645 0 406761 0
44645 0 406974 0
44645 0 407078 0
44645 0 413723 0
44645 0 414069 1
44645 0 415050 0
44645 0 415840 0
44645 0 422014 0
44645 0 424407 0
44645 0 425167 0
44645 0 429480 0
44645 0 430191 0
44645 0 430573 0
44645 0 433504 0
44645 0 434276 0
44657 0 171253 0
44657 0 178174 0
44657 0 180125 0
44657 0 275853 0
44657 0 371000 0
44657 0 371705 0
44657 0 372448 0
44657 0 372824 0
44657 0 374174 0
44657 0 376253 0
44657 0 378494 0
44657 0 380028 0
44657 0 380230 0
44657 0 380992 0
44657 0 381423 0
44657 0 382435 0
44657 0 382689 0
44657 0 383651 0
44657 0 384113 0
44657 0 384410 0
44657 0 385119 0
44657 0 385566 0
44657 0 392227 0
44657 0 392506 1
44657 0 395510 0
44659 0 371581 0
44659 0 372024 0
44659 0 374070 0
44659 0 374150 0
44659 0 378385 0
44659 0 380748 0
44659 0 381562 0
44659 0 381963 1
44659 0 383918 0
44659 0 386272 0
44659 0 399409 0
44659 0 406582 0
44659 0 408212 0
44659 0 417377 0
44659 0 419203 0
44659 0 421846 0
44659 0 424659 0
44659 0 429062 0
44659 0 432049 0
44659 0 434607 0
44659 0 437072 0
44659 0 437704 0
44659 0 440377 0
44659 0 440708 0
44659 0 444097 0
44677 0 345289 0
44677 0 370022 0
44677 0 370705 0
44677 0 372152 0
44677 0 372320 0
44677 0 372803 0
44677 0 373840 0
44677 0 374212 0
44677 0 376808 0
44677 0 379485 0
44677 0 387361 0
44677 0 391682 1
44677 0 394287 0
44677 0 395502 0
44677 0 397967 0
44677 0 398727 0
44677 0 399347 0
44677 0 400627 0
44677 0 402757 0
44677 0 404957 0
44677 0 405440 0
44677 0 408255 0
44677 0 409688 0
44677 0 414723 0
44677 0 445820 0
44715 0 376264 0
44715 0 379703 0
44715 0 381659 0
44715 0 382106 0
44715 0 390057 0
44715 0 390895 0
44715 0 395802 0
44715 0 397808 0
44715 0 401231 0
44715 0 403172 0
44715 0 404731 0
44715 0 405732 0
44715 0 406761 1
44715 0 407078 0
44715 0 408751 0
44715 0 412872 0
44715 0 413438 0
44715 0 413868 0
44715 0 415840 0
44715 0 417156 0
44715 0 417162 0
44715 0 429480 0
44715 0 433504 0
44715 0 434276 0
44715 0 439746 0
44717 0 370897 0
44717 0 373817 0
44717 0 376425 0
44717 0 380746 0
44717 0 380784 1
44717 0 381566 0
44717 0 382962 0
44717 0 384915 0
44717 0 391492 0
44717 0 394957 0
44717 0 395467 0
44717 0 396815 0
44717 0 397541 0
44717 0 399581 0
44717 0 399584 0
44717 0 403161 0
44717 0 403747 0
44717 0 406546 0
44717 0 406773 0
44717 0 408767 0
44717 0 414172 0
44717 0 415982 0
44717 0 418740 0
44717 0 421500 0
44717 0 432606 0
44890 0 370093 1
44890 0 374446 0
44890 0 376385 0
44890 0 376893 0
44890 0 384628 0
44890 0 387479 0
44890 0 387766 0
44890 0 388154 0
44890 0 390619 0
44890 0 394874 0
44890 0 395291 0
44890 0 398781 0
44890 0 399473 0
44890 0 400092 0
44890 0 401398 0
44890 0 408147 0
44890 0 411236 0
44890 0 412449 0
44890 0 415816 0
44890 0 417845 0
44890 0 417886 0
44890 0 429761 0
44890 0 432235 0
44890 0 445012 0
44890 0 446265 0
44910 0 372189 0
44910 0 373831 0
44910 0 373995 0
44910 0 381384 0
44910 0 382454 1
44910 0 387249 0
44910 0 387766 0
44910 0 390664 0
44910 0 392619 0
44910 0 394680 0
44910 0 395065 0
44910 0 398241 0
44910 0 399419 0
44910 0 401052 0
44910 0 406337 0
44910 0 411365 0
44910 0 412100 0
44910 0 412378 0
44910 0 426187 0
44910 0 427355 0
44910 0 433206 0
44910 0 433898 0
44910 0 439961 0
44910 0 443779 0
44910 0 445228 0
45035 0 370897 0
45035 0 373817 0
45035 0 376425 0
45035 0 380746 0
45035 0 380784 0
45035 0 381566 1
45035 0 382962 0
45035 0 384915 0
45035 0 391492 0
45035 0 394957 0
45035 0 395467 0
45035 0 396815 0
45035 0 397541 0
45035 0 399581 0
45035 0 399584 0
45035 0 403161 0
45035 0 403747 0
45035 0 406546 0
45035 0 406773 0
45035 0 408767 0
45035 0 414172 0
45035 0 415982 0
45035 0 418740 0
45035 0 421500 0
45035 0 432606 0
45037 0 168867 0
45037 0 270594 0
45037 0 373118 0
45037 0 375583 0
45037 0 377749 0
45037 0 378095 0
45037 0 379317 0
45037 0 381900 0
45037 0 383870 0
45037 0 397352 0
45037 0 398813 0
45037 0 404460 0
45037 0 405274 0
45037 0 405835 0
45037 0 420725 0
45037 0 420982 0
45037 0 422726 0
45037 0 423155 0
45037 0 424767 1
45037 0 428756 0
45037 0 434735 0
45037 0 437515 0
45037 0 438422 0
45037 0 444100 0
45037 0 446391 0
45055 0 169668 0
45055 0 289939 0
45055 0 333929 0
45055 0 378369 0
45055 0 379485 0
45055 0 386153 0
45055 0 392456 0
45055 0 392508 0
45055 0 396110 0
45055 0 396809 0
45055 0 405306 0
45055 0 405639 0
45055 0 413412 0
45055 0 419538 0
45055 0 423364 0
45055 0 423893 0
45055 0 429605 0
45055 0 430329 0
45055 0 430797 0
45055 0 434804 0
45055 0 436636 0
45055 0 444271 1
45055 0 445481 0
45055 0 445792 0
45055 0 446248 0
45057 0 161523 0
45057 0 162275 0
45057 0 170459 0
45057 0 170966 0
45057 0 201328 0
45057 0 209740 0
45057 0 220309 0
45057 0 226898 0
45057 0 228378 0
45057 0 237430 0
45057 0 245304 0
45057 0 250889 1
45057 0 252412 0
45057 0 256131 0
45057 0 257601 0
45057 0 268287 0
45057 0 269814 0
45057 0 278051 0
45057 0 285459 0
45057 0 294480 0
45057 0 319103 0
45057 0 332651 0
45057 0 342173 0
45057 0 413054 0
45057 0 446249 0
45060 0 164872 0
45060 0 259443 0
45060 0 281059 0
45060 0 300141 0
45060 0 305420 0
45060 0 308055 0
45060 0 310708 0
45060 0 315833 0
45060 0 320464 0
45060 0 321206 0
45060 0 321362 0
45060 0 321559 0
45060 0 322388 0
45060 0 330134 0
45060 0 331503 0
45060 0 342797 0
45060 0 342814 0
45060 0 344880 0
45060 0 373206 0
45060 0 376446 0
45060 0 385598 0
45060 0 389413 0
45060 0 393998 0
45060 0 404259 1
45060 0 439535 0
45062 0 164703 0
45062 0 196479 0
45062 0 224197 0
45062 0 313620 0
45062 0 328988 0
45062 0 374188 0
45062 0 380820 0
45062 0 381015 0
45062 0 381252 0
45062 0 387198 0
45062 0 390776 0
45062 0 396856 0
45062 0 399088 0
45062 0 402572 0
45062 0 404879 0
45062 0 409106 0
45062 0 410223 0
45062 0 411806 1
45062 0 421556 0
45062 0 426593 0
45062 0 430061 0
45062 0 430262 0
45062 0 430329 0
45062 0 444687 0
45062 0 445481 0
45064 0 164168 0
45064 0 257430 0
45064 0 273371 0
45064 0 329383 0
45064 0 347440 0
45064 0 372820 0
45064 0 380332 0
45064 0 385188 0
45064 0 388572 0
45064 0 390235 0
45064 0 399092 0
45064 0 405331 0
45064 0 409294 0
45064 0 411703 0
45064 0 418865 0
45064 0 419950 0
45064 0 420459 0
45064 0 421623 0
45064 0 424337 1
45064 0 429975 0
45064 0 435585 0
45064 0 439851 0
45064 0 441281 0
45064 0 442251 0
45064 0 443700 0
45070 0 371769 0
45070 0 380431 0
45070 0 381659 0
45070 0 382322 0
45070 0 382337 1
45070 0 384557 0
45070 0 386872 0
45070 0 386936 0
45070 0 390892 0
45070 0 391492 0
45070 0 399984 0
45070 0 403172 0
45070 0 404053 0
45070 0 407975 0
45070 0 409605 0
45070 0 415447 0
45070 0 416066 0
45070 0 419223 0
45070 0 421329 0
45070 0 422778 0
45070 0 424684 0
45070 0 426487 0
45070 0 430123 0
45070 0 436639 0
45070 0 439500 0
45072 0 176885 0
45072 0 370705 0
45072 0 372035 0
45072 0 374385 1
45072 0 377740 0
45072 0 381247 0
45072 0 381479 0
45072 0 382247 0
45072 0 382756 0
45072 0 386541 0
45072 0 389733 0
45072 0 392210 0
45072 0 392457 0
45072 0 397170 0
45072 0 397775 0
45072 0 397873 0
45072 0 398177 0
45072 0 398226 0
45072 0 400917 0
45072 0 401348 0
45072 0 401359 0
45072 0 408280 0
45072 0 408577 0
45072 0 421415 0
45072 0 430045 0
45120 0 164872 0
45120 0 259443 0
45120 0 281059 0
45120 0 300141 0
45120 0 305420 0
45120 0 308055 0
45120 0 310708 0
45120 0 315833 0
45120 0 320464 0
45120 0 321206 0
45120 0 321362 0
45120 0 321559 0
45120 0 330134 0
45120 0 331503 0
45120 0 342797 0
45120 0 342814 0
45120 0 344880 0
45120 0 373206 0
45120 0 376446 0
45120 0 385598 0
45120 0 387361 1
45120 0 389413 0
45120 0 393998 0
45120 0 404259 0
45120 0 437141 0
45120 0 439535 0
45422 0 370068 0
45422 0 370917 0
45422 0 371252 0
45422 0 374771 0
45422 0 378373 1
45422 0 382884 0
45422 0 385244 0
45422 0 387015 0
45422 0 387766 0
45422 0 388071 0
45422 0 395164 0
45422 0 399460 0
45422 0 402440 0
45422 0 405840 0
45422 0 407085 0
45422 0 407354 0
45422 0 412395 0
45422 0 415321 0
45422 0 428626 0
45422 0 432598 0
45422 0 433953 0
45422 0 438072 0
45422 0 440434 0
45422 0 443614 0
45422 0 446431 0
45424 0 173674 0
45424 0 250533 0
45424 0 334001 0
45424 0 371479 0
45424 0 375532 0
45424 0 378692 0
45424 0 387205 1
45424 0 389844 0
45424 0 392623 0
45424 0 395030 0
45424 0 398383 0
45424 0 399771 0
45424 0 409607 0
45424 0 410392 0
45424 0 411701 0
45424 0 422469 0
45424 0 427972 0
45424 0 430073 0
45424 0 431575 0
45424 0 437141 0
45424 0 439333 0
45424 0 441389 0
45424 0 445502 0
45424 0 446769 0
45424 0 446985 0
45435 0 370093 0
45435 0 371228 0
45435 0 373495 0
45435 0 376264 0
45435 0 378426 0
45435 0 379703 0
45435 0 382106 0
45435 0 390057 0
45435 0 390895 0
45435 0 395009 1
45435 0 395291 0
45435 0 395802 0
45435 0 400092 0
45435 0 402554 0
45435 0 403172 0
45435 0 404731 0
45435 0 405732 0
45435 0 406761 0
45435 0 406974 0
45435 0 407078 0
45435 0 413438 0
45435 0 414554 0
45435 0 415050 0
45435 0 415840 0
45435 0 430191 0
45435 0 444959 0
45439 0 337681 0
45439 0 372173 0
45439 0 376666 0
45439 0 378285 0
45439 0 379625 0
45439 0 381112 0
45439 0 385049 0
45439 0 386127 0
45439 0 388231 0
45439 0 390449 1
45439 0 390451 0
45439 0 395331 0
45439 0 395423 0
45439 0 397515 0
45439 0 398739 0
45439 0 399037 0
45439 0 401172 0
45439 0 402376 0
45439 0 403880 0
45439 0 407959 0
45439 0 410404 0
45439 0 415138 0
45439 0 415614 0
45439 0 415865 0
45439 0 434392 0
45440 0 150705 0
45440 0 150804 0
45440 0 158378 0
45440 0 159093 0
45440 0 160535 0
45440 0 160640 0
45440 0 162477 0
45440 0 162921 0
45440 0 173297 1
45440 0 176464 0
45440 0 178357 0
45440 0 182152 0
45440 0 182352 0
45440 0 184676 0
45440 0 185716 0
45440 0 185983 0
45440 0 190506 0
45440 0 192647 0
45440 0 194386 0
45440 0 196810 0
45440 0 199900 0
45440 0 201878 0
45440 0 202416 0
45440 0 203012 0
45440 0 204788 0
45442 0 150719 0
45442 0 180028 0
45442 0 205892 0
45442 0 206528 0
45442 0 214768 0
45442 0 251583 0
45442 0 296653 0
45442 0 306711 0
45442 0 379696 0
45442 0 393340 0
45442 0 393586 1
45442 0 399827 0
45442 0 402402 0
45442 0 402478 0
45442 0 406334 0
45442 0 408233 0
45442 0 409640 0
45442 0 418481 0
45442 0 419338 0
45442 0 423494 0
45442 0 425862 0
45442 0 430869 0
45442 0 437016 0
45442 0 437395 0
45442 0 445714 0
45444 0 192978 0
45444 0 196068 0
45444 0 211808 0
45444 0 213613 0
45444 0 215145 0
45444 0 216498 0
45444 0 227455 0
45444 0 262037 0
45444 0 271537 0
45444 0 281417 0
45444 0 295285 0
45444 0 303277 0
45444 0 306597 1
45444 0 313203 0
45444 0 313396 0
45444 0 321989 0
45444 0 371917 0
45444 0 372236 0
45444 0 373508 0
45444 0 377146 0
45444 0 378974 0
45444 0 378993 0
45444 0 379205 0
45444 0 380220 0
45444 0 383788 0
45557 0 189666 0
45557 0 191447 0
45557 0 196373 0
45557 0 199893 0
45557 0 215006 0
45557 0 215349 0
45557 0 217835 0
45557 0 222785 0
45557 0 230069 0
45557 0 237389 0
45557 0 241581 0
45557 0 246123 0
45557 0 253778 0
45557 0 255811 0
45557 0 258007 0
45557 0 270800 0
45557 0 284463 0
45557 0 286399 0
45557 0 289146 0
45557 0 289800 0
45557 0 294435 0
45557 0 298308 0
45557 0 300021 0
45557 0 301602 0
45557 0 306963 0
45557 0 374189 1
45575 0 370630 0
45575 0 373495 1
45575 0 374731 0
45575 0 378426 0
45575 0 381177 0
45575 0 387622 0
45575 0 397727 0
45575 0 398706 0
45575 0 399313 0
45575 0 399443 0
45575 0 400764 0
45575 0 404245 0
45575 0 407078 0
45575 0 415840 0
45575 0 422014 0
45575 0 425101 0
45575 0 425475 0
45575 0 431653 0
45575 0 431747 0
45575 0 433504 0
45575 0 436369 0
45575 0 439242 0
45575 0 441639 0
45575 0 444100 0
45575 0 446115 0
45577 0 248416 0
45577 0 255877 0
45577 0 314534 0
45577 0 377826 0
45577 0 383478 0
45577 0 386942 0
45577 0 386982 0
45577 0 391041 0
45577 0 391672 0
45577 0 395348 0
45577 0 396029 0
45577 0 398728 0
45577 0 399614 0
45577 0 400150 0
45577 0 402304 0
45577 0 403121 0
45577 0 404382 0
45577 0 409733 0
45577 0 415447 0
45577 0 424513 1
45577 0 426497 0
45577 0 433795 0
45577 0 437938 0
45577 0 445058 0
45577 0 446404 0
45579 0 374453 0
45579 0 374946 0
45579 0 381246 0
45579 0 382385 0
45579 0 384747 0
45579 0 391870 0
45579 0 393126 0
45579 0 400618 0
45579 0 404065 0
45579 0 405020 0
45579 0 405038 0
45579 0 405773 0
45579 0 406827 0
45579 0 410912 0
45579 0 412940 0
45579 0 415106 0
45579 0 415284 0
45579 0 420803 0
45579 0 421471 1
45579 0 425427 0
45579 0 428555 0
45579 0 432460 0
45579 0 434091 0
45579 0 436878 0
45579 0 440156 0
45592 0 164872 0
45592 0 259443 0
45592 0 281059 0
45592 0 300141 0
45592 0 305420 0
45592 0 308055 0
45592 0 310708 0
45592 0 315833 0
45592 0 320464 0
45592 0 321206 0
45592 0 321362 0
45592 0 321559 0
45592 0 330134 0
45592 0 331503 0
45592 0 342797 0
45592 0 342814 0
45592 0 344880 0
45592 0 373206 0
45592 0 376446 0
45592 0 385598 0
45592 0 388814 1
45592 0 389413 0
45592 0 393998 0
45592 0 404259 0
45592 0 437141 0
45592 0 439535 0
45937 0 228440 0
45937 0 246838 0
45937 0 247859 0
45937 0 264084 0
45937 0 264631 0
45937 0 271115 0
45937 0 285088 0
45937 0 300709 0
45937 0 307445 0
45937 0 329997 0
45937 0 345273 0
45937 0 346486 0
45937 0 347203 0
45937 0 348926 0
45937 0 376333 0
45937 0 376429 0
45937 0 385043 0
45937 0 386862 0
45937 0 390709 0
45937 0 391660 0
45937 0 401610 1
45937 0 411146 0
45937 0 420976 0
45937 0 422578 0
45937 0 428591 0
45937 0 437840 0
45939 0 151268 0
45939 0 180233 0
45939 0 237413 0
45939 0 287521 0
45939 0 305567 0
45939 0 320336 0
45939 0 331844 0
45939 0 372164 0
45939 0 374436 0
45939 0 375444 0
45939 0 379664 0
45939 0 387806 0
45939 0 390120 0
45939 0 394442 1
45939 0 395691 0
45939 0 396571 0
45939 0 412892 0
45939 0 415875 0
45939 0 416976 0
45939 0 419463 0
45939 0 421698 0
45939 0 421889 0
45939 0 426121 0
45939 0 445640 0
45939 0 446691 0
45950 0 325793 0
45950 0 379807 0
45950 0 380599 0
45950 0 381402 0
45950 0 384198 0
45950 0 384561 0
45950 0 389683 0
45950 0 390949 0
45950 0 393130 0
45950 0 395009 0
45950 0 395030 0
45950 0 398292 0
45950 0 399771 0
45950 0 400695 0
45950 0 404309 0
45950 0 405546 0
45950 0 411701 0
45950 0 414846 0
45950 0 414884 0
45950 0 423897 0
45950 0 430073 0
45950 0 431403 1
45950 0 442866 0
45950 0 445502 0
45950 0 446769 0
45952 0 296632 0
45952 0 309977 0
45952 0 314685 0
45952 0 328059 0
45952 0 330054 0
45952 0 379036 0
45952 0 384334 0
45952 0 384434 0
45952 0 392164 0
45952 0 393216 0
45952 0 394841 0
45952 0 397074 0
45952 0 399846 0
45952 0 401006 0
45952 0 403977 0
45952 0 407948 0
45952 0 408262 1
45952 0 408986 0
45952 0 409532 0
45952 0 418881 0
45952 0 432035 0
45952 0 437137 0
45952 0 441210 0
45952 0 442259 0
45952 0 444746 0
45954 0 370814 0
45954 0 375864 0
45954 0 376238 0
45954 0 376899 0
45954 0 377306 0
45954 0 380129 0
45954 0 382057 0
45954 0 389327 0
45954 0 392610 0
45954 0 398186 0
45954 0 398664 0
45954 0 402619 0
45954 0 411786 0
45954 0 413625 0
45954 0 414682 0
45954 0 415546 0
45954 0 417497 0
45954 0 418077 0
45954 0 418522 0
45954 0 425153 0
45954 0 429912 0
45954 0 438156 0
45954 0 439853 0
45954 0 443779 1
45954 0 445467 0
45967 0 151294 0
45967 0 175507 0
45967 0 178457 0
45967 0 186892 0
45967 0 198160 0
45967 0 200513 0
45967 0 234327 0
45967 0 253847 0
45967 0 256824 0
45967 0 259267 1
45967 0 262202 0
45967 0 271717 0
45967 0 286238 0
45967 0 306650 0
45967 0 312832 0
45967 0 316706 0
45967 0 333570 0
45967 0 343325 0
45967 0 343732 0
45967 0 343746 0
45967 0 388648 0
45967 0 415467 0
45967 0 419397 0
45967 0 421045 0
45967 0 436400 0
45975 0 178791 0
45975 0 196764 0
45975 0 204577 0
45975 0 213573 0
45975 0 219796 0
45975 0 237191 0
45975 0 247050 0
45975 0 265766 0
45975 0 269999 0
45975 0 274844 0
45975 0 277031 0
45975 0 277756 0
45975 0 279834 0
45975 0 290817 0
45975 0 291087 0
45975 0 297536 0
45975 0 303432 0
45975 0 375191 0
45975 0 379527 0
45975 0 395030 1
45975 0 399650 0
45975 0 400033 0
45975 0 411572 0
45975 0 427686 0
45975 0 430132 0
45975 0 440992 0
45977 0 203869 0
45977 0 370342 0
45977 0 385080 0
45977 0 392790 0
45977 0 398312 0
45977 0 404267 0
45977 0 406829 0
45977 0 407657 0
45977 0 408941 0
45977 0 409437 0
45977 0 412538 1
45977 0 423553 0
45977 0 423986 0
45977 0 426199 0
45977 0 427659 0
45977 0 428776 0
45977 0 429470 0
45977 0 430582 0
45977 0 433137 0
45977 0 433930 0
45977 0 439974 0
45977 0 441121 0
45977 0 445162 0
45977 0 445842 0
45977 0 446694 0
46317 0 373573 1
46317 0 374623 0
46317 0 375541 0
46317 0 375814 0
46317 0 376264 0
46317 0 376575 0
46317 0 378419 0
46317 0 382322 0
46317 0 383489 0
46317 0 386664 0
46317 0 389345 0
46317 0 391592 0
46317 0 399313 0
46317 0 401751 0
46317 0 404398 0
46317 0 411107 0
46317 0 413723 0
46317 0 414271 0
46317 0 415840 0
46317 0 417665 0
46317 0 425903 0
46317 0 428288 0
46317 0 432598 0
46317 0 437026 0
46317 0 444328 0
