rating_min: [0.5, 1.0, 1.5, 2.0, 2.5, 3.0, 3.5, 4.0, 4.5]
calcium: [400, 600, 800, 1000, 1200, 1400, 1600, 1800] 
calories: [2000, 2200, 2400, 2600, 2800, 3000, 3200, 3400, 3600] 
caloriesFromFat: [900, 1000, 1100, 1200, 1300, 1400, 1500, 1600, 1700] 
cholesterol: [300, 400, 500, 600, 700, 800, 900] 
dietaryFiber: [10, 15, 20, 25, 30, 35] 
folate: [0.5, 0.7, 0.9, 1.1, 1.3, 1.5, 1.7] 
iron: [20, 25, 30, 35, 40, 45, 50] 
magnesium: [300, 350, 400, 450, 500, 550, 600, 650] 
niacin: [40, 50, 60, 70, 80, 90, 100] 
potassium: [2000, 2500, 3000, 3500, 4000, 4500, 5000] 
protein: [60, 80, 100, 120, 140, 160] 
saturatedFat: [25, 35, 45, 55, 65, 75] 
sodium: [2500, 3000, 3500, 4000, 4500, 5000, 5500, 6000, 6500, 7000, 7500] 
sugars: [50, 60, 70, 80, 90, 100, 110, 120] 
thiamin: [1.5, 2.0, 2.5, 3.0, 3.5, 4.0] 
totalCarbohydrates: [175, 200, 225, 250, 275, 300, 325, 350] 
totalFat: [80, 100, 120, 140, 160, 180, 200] 
vitaminA: [3000, 6000, 9000, 12000, 15000, 18000, 21000, 24000] 
vitaminB6: [1.5, 2.0, 2.5, 3.0, 3.5, 4.0] 
vitaminC: [50, 75, 100, 125, 150, 175, 200, 225, 250] 

